results/CR_RoadDensity.asc
ncols        411
nrows        381
xllcorner    -85.974999999997
yllcorner    8.041666666663
cellsize     0.008333333333
NODATA_value  nan
[rows 21 to 41 of 381, columns 240 to 287 of 411]
nan nan nan nan nan nan nan nan nan nan nan nan nan nan nan nan nan nan nan nan nan nan nan nan nan nan nan nan nan nan nan nan nan nan nan nan nan nan nan nan nan nan nan nan nan nan nan nan
nan nan nan nan nan nan nan nan nan nan nan nan nan nan nan nan nan nan nan nan nan nan nan nan nan nan nan nan nan nan nan nan nan nan nan nan nan nan nan nan nan nan nan nan nan nan nan nan
nan nan nan nan nan nan nan nan nan nan nan nan nan nan nan nan nan nan nan nan nan nan nan nan nan nan nan nan nan nan nan nan nan nan nan nan nan nan nan nan nan nan nan nan nan nan nan nan
nan nan nan nan nan nan nan nan nan nan nan nan nan nan nan nan nan nan nan nan nan nan nan nan nan nan nan nan nan nan nan nan nan nan nan nan nan nan nan nan nan nan nan nan nan nan nan nan
nan nan nan nan nan nan nan nan nan nan nan nan nan nan nan nan nan nan nan nan nan nan nan nan nan nan nan nan nan nan nan nan nan nan nan nan nan nan nan nan nan nan nan nan nan nan nan nan
nan nan nan nan nan nan nan nan nan nan nan nan nan nan nan nan nan nan nan nan nan nan nan nan nan nan nan nan nan nan nan nan nan nan nan nan nan nan nan nan nan nan nan nan nan nan nan nan
nan nan nan nan nan nan nan nan nan nan nan nan nan nan nan nan nan nan nan nan nan nan nan nan nan nan nan nan nan nan nan nan nan nan nan nan nan nan nan nan nan nan nan nan nan nan nan nan
nan nan nan nan nan nan nan nan nan nan nan nan nan nan nan nan nan nan nan nan nan nan nan nan nan nan nan nan nan nan nan nan nan nan nan nan nan nan nan nan nan nan nan nan nan nan nan nan
nan nan nan nan nan nan nan nan nan nan nan nan nan nan nan nan nan nan nan nan nan nan nan nan nan nan nan nan nan nan nan nan nan nan nan nan nan nan nan nan nan nan nan nan nan nan nan nan
nan nan nan nan nan nan nan nan nan nan nan nan nan nan nan nan nan nan nan nan nan nan nan nan nan nan nan nan nan nan nan nan nan nan nan nan nan nan nan nan nan nan nan nan nan nan nan nan
nan nan nan nan nan nan nan nan nan nan nan nan nan nan nan nan nan nan nan nan nan nan nan nan nan nan nan nan nan nan nan nan nan nan nan nan nan nan nan nan nan nan nan nan nan nan nan nan
nan nan nan nan nan nan nan nan nan nan nan nan nan nan nan nan nan nan nan nan nan nan nan nan nan nan nan nan nan nan nan nan nan nan nan nan nan nan nan nan nan nan nan nan nan nan nan nan
nan nan nan nan nan nan nan nan nan nan nan nan nan nan nan nan nan nan nan nan nan nan nan nan nan nan nan nan nan nan nan nan nan nan nan nan nan nan nan nan nan nan nan nan nan nan nan nan
nan nan nan nan nan nan nan nan nan nan nan nan nan nan nan nan nan nan nan nan nan nan nan nan nan nan nan nan nan nan nan nan nan nan nan nan nan nan nan nan nan nan nan nan nan nan nan nan
nan nan nan nan nan nan nan nan nan nan nan nan nan nan nan nan nan nan nan nan nan nan nan nan nan nan nan nan nan nan nan nan nan nan nan nan nan nan nan nan nan nan nan nan nan nan nan nan
nan nan nan nan nan nan nan nan nan nan nan nan nan nan nan nan nan nan nan nan nan nan nan nan nan nan nan nan nan nan nan nan nan nan nan nan nan nan nan nan nan nan nan nan nan nan nan nan
232.7018890380859375 226.217681884765625 219.733489990234375 213.249298095703125 206.7650909423828125 200.2808990478515625 193.79669189453125 187.3125 180.8282928466796875 174.344085693359375 167.8598785400390625 161.37567138671875 154.8914642333984375 148.407257080078125 141.9230499267578125 135.4388275146484375 128.9546051025390625 122.47039031982421875 115.98616790771484375 109.50194549560546875 103.0177154541015625 96.53348541259765625 90.04924774169921875 83.56501007080078125 77.08077239990234375 70.596527099609375 64.112274169921875 57.628025054931640625 51.143768310546875 44.65950775146484375 38.175243377685546875 31.690973281860351563 nan nan nan nan nan nan nan nan nan nan nan nan nan nan nan nan
232.7012481689453125 226.2168731689453125 219.7324981689453125 213.2481231689453125 206.7637481689453125 200.2793731689453125 193.79498291015625 187.31060791015625 180.8262176513671875 174.3418426513671875 167.857452392578125 161.3730621337890625 154.888671875 148.4042816162109375 141.919891357421875 135.4355010986328125 128.9510955810546875 122.46669769287109375 115.98229217529296875 109.49788665771484375 103.01348114013671875 96.5290679931640625 90.04465484619140625 83.56023406982421875 77.07581329345703125 70.5913848876953125 64.10695648193359375 57.622524261474609375 51.138088226318359375 44.65364837646484375 38.1692047119140625 31.68475341796875 27.811445236206054688 27.811445236206054688 27.811445236206054688 27.811445236206054688 27.811445236206054688 27.811445236206054688 27.811445236206054688 27.811445236206054688 27.811445236206054688 27.811445236206054688 27.811445236206054688 27.811445236206054688 27.811445236206054688 27.811445236206054688 27.811445236206054688 27.811445236206054688
232.70062255859375 226.2160797119140625 219.7315216064453125 213.2469635009765625 206.7624053955078125 200.2778472900390625 193.79327392578125 187.3087158203125 180.82415771484375 174.3395843505859375 167.8550262451171875 161.370452880859375 154.885894775390625 148.4013214111328125 141.916748046875 135.432159423828125 128.9475860595703125 122.46300506591796875 115.978424072265625 109.49383544921875 103.009246826171875 96.524658203125 90.04006195068359375 83.55545806884765625 77.07086181640625 70.58625030517578125 64.10164642333984375 57.617031097412109375 51.132415771484375 44.647792816162109375 38.16316986083984375 31.678539276123046875 27.811445236206054688 27.811445236206054688 27.811445236206054688 27.811445236206054688 27.811445236206054688 27.811445236206054688 27.811445236206054688 27.811445236206054688 27.811445236206054688 27.811445236206054688 27.811445236206054688 27.811445236206054688 27.811445236206054688 27.811445236206054688 27.811445236206054688 27.811445236206054688
232.70001220703125 226.21527099609375 219.73052978515625 213.24578857421875 206.76104736328125 200.2763214111328125 193.7915802001953125 187.3068389892578125 180.82208251953125 174.33734130859375 167.85260009765625 161.3678436279296875 154.8831024169921875 148.398345947265625 141.9135894775390625 135.4288330078125 128.9440765380859375 122.459320068359375 115.97455596923828125 109.4897918701171875 103.0050201416015625 96.5202484130859375 90.03546905517578125 83.550689697265625 77.06591033935546875 70.58112335205078125 64.09633636474609375 57.611541748046875 51.126743316650390625 44.64194488525390625 38.157138824462890625 31.672328948974609375 27.811445236206054688 27.811445236206054688 27.811445236206054688 27.811445236206054688 27.811445236206054688 27.811445236206054688 27.811445236206054688 27.811445236206054688 27.811445236206054688 27.811445236206054688 27.811445236206054688 27.811445236206054688 27.811445236206054688 27.811445236206054688 27.811445236206054688 27.811445236206054688
232.6993865966796875 226.2144622802734375 219.72955322265625 213.24462890625 206.75970458984375 200.2747955322265625 193.7898712158203125 187.3049468994140625 180.8200225830078125 174.3350982666015625 167.8501739501953125 161.3652496337890625 154.88031005859375 148.3953857421875 141.9104461669921875 135.425506591796875 128.9405670166015625 122.45563507080078125 115.9706878662109375 109.48574066162109375 103.00079345703125 96.515838623046875 90.0308837890625 83.545928955078125 77.06096649169921875 70.57599639892578125 64.09102630615234375 57.60605621337890625 51.1210784912109375 44.636096954345703125 38.151111602783203125 31.6661224365234375 27.811445236206054688 27.811445236206054688 27.811445236206054688 27.811445236206054688 27.811445236206054688 27.811445236206054688 27.811445236206054688 27.811445236206054688 27.811445236206054688 27.811445236206054688 27.811445236206054688 27.811445236206054688 27.811445236206054688 27.811445236206054688 27.811445236206054688 27.811445236206054688
