results/CR_RoadDensity.asc
ncols        411
nrows        381
xllcorner    -85.974999999997
yllcorner    8.041666666663
cellsize     0.008333333333
NODATA_value  nan
[rows 126 to 146 of 381, columns 240 to 287 of 411]
2043.3133544921875 2015.5302734375 1987.746337890625 1959.9619140625 1932.177001953125 1904.3916015625 1876.605712890625 1848.819580078125 1821.033203125 1793.24658203125 1765.4598388671875 1737.673095703125 1709.8863525390625 1682.0997314453125 1654.313232421875 1626.5269775390625 1598.7410888671875 1570.9554443359375 1543.1702880859375 1515.3856201171875 1487.6015625 1459.818115234375 1432.035400390625 1404.2535400390625 1376.472412109375 1348.6922607421875 1320.9132080078125 1293.135009765625 1265.358154296875 1237.5823974609375 1209.807861328125 1182.03466796875 1162.2059326171875 1150.7955322265625 1139.38427734375 1127.9720458984375 1116.5589599609375 1105.14501953125 1093.72998046875 1082.31396484375 1070.89697265625 1059.4788818359375 1048.0596923828125 1036.639404296875 1025.2178955078125 1013.7952880859375 1002.3714599609375 990.9464111328125
2078.757080078125 2050.056396484375 2021.3553466796875 1992.653564453125 1963.9512939453125 1935.24853515625 1906.54541015625 1877.8419189453125 1849.13818359375 1820.434326171875 1791.730224609375 1763.026123046875 1734.3221435546875 1705.6181640625 1676.914306640625 1648.210693359375 1619.5074462890625 1590.8045654296875 1562.10205078125 1533.4000244140625 1504.69873046875 1475.9979248046875 1447.2978515625 1418.5986328125 1389.9002685546875 1361.2027587890625 1332.5062255859375 1303.810791015625 1275.1165771484375 1246.4234619140625 1217.7315673828125 1189.0411376953125 1168.9329833984375 1157.886474609375 1146.839111328125 1135.790771484375 1124.74169921875 1113.6915283203125 1102.640380859375 1091.58837890625 1080.53515625 1069.4810791015625 1058.42578125 1047.369384765625 1036.311767578125 1025.253173828125 1014.1932373046875 1003.132080078125
2114.200439453125 2084.58251953125 2054.964111328125 2025.3448486328125 1995.7252197265625 1966.1051025390625 1936.484619140625 1906.86376953125 1877.24267578125 1847.621337890625 1818 1788.3785400390625 1758.757080078125 1729.1357421875 1699.5145263671875 1669.8935546875 1640.27294921875 1610.6527099609375 1581.0328369140625 1551.4134521484375 1521.794677734375 1492.176513671875 1462.55908203125 1432.9425048828125 1403.32666015625 1373.7119140625 1344.0980224609375 1314.4852294921875 1284.87353515625 1255.2630615234375 1225.65380859375 1196.0458984375 1175.66064453125 1164.97802734375 1154.294677734375 1143.6103515625 1132.925048828125 1122.2388916015625 1111.5516357421875 1100.863525390625 1090.17431640625 1079.4840087890625 1068.792724609375 1058.1002197265625 1047.4066162109375 1036.7119140625 1026.015869140625 1015.3187255859375
2149.6435546875 2119.1083984375 2088.572509765625 2058.035888671875 2027.498779296875 1996.9613037109375 1966.42333984375 1935.885009765625 1905.3465576171875 1874.807861328125 1844.26904296875 1813.7301025390625 1783.1912841796875 1752.652587890625 1722.1138916015625 1691.5755615234375 1661.0374755859375 1630.499755859375 1599.9625244140625 1569.42578125 1538.8895263671875 1508.35400390625 1477.8192138671875 1447.28515625 1416.751953125 1386.2196044921875 1355.6883544921875 1325.1580810546875 1294.62890625 1264.10107421875 1233.5743408203125 1203.049072265625 1182.3890380859375 1172.0704345703125 1161.7508544921875 1151.4305419921875 1141.1092529296875 1130.7869873046875 1120.4637451171875 1110.1395263671875 1099.814208984375 1089.4879150390625 1079.1605224609375 1068.83203125 1058.50244140625 1048.1715087890625 1037.839599609375 1027.50634765625
2185.086669921875 2153.634033203125 2122.1806640625 2090.7265625 2059.27197265625 2027.8170166015625 1996.361572265625 1964.9058837890625 1933.449951171875 1901.9937744140625 1870.5374755859375 1839.0811767578125 1807.624755859375 1776.1685791015625 1744.7125244140625 1713.2567138671875 1681.8011474609375 1650.345947265625 1618.8912353515625 1587.43701171875 1555.9833984375 1524.5302734375 1493.0780029296875 1461.62646484375 1430.17578125 1398.72607421875 1367.2772216796875 1335.82958984375 1304.3829345703125 1272.9376220703125 1241.493408203125 1210.0506591796875 1189.1180419921875 1179.1634521484375 1169.2078857421875 1159.25146484375 1149.2940673828125 1139.3358154296875 1129.3765869140625 1119.416259765625 1109.4549560546875 1099.49267578125 1089.5291748046875 1079.564697265625 1069.5989990234375 1059.6322021484375 1049.6640625 1039.69482421875
2220.529541015625 2188.159423828125 2155.788330078125 2123.4169921875 2091.044921875 2058.67236328125 2026.2994384765625 1993.9261474609375 1961.552734375 1929.1790771484375 1896.8052978515625 1864.431396484375 1832.0576171875 1799.683837890625 1767.310302734375 1734.9368896484375 1702.5638427734375 1670.191162109375 1637.8189697265625 1605.4471435546875 1573.0760498046875 1540.7054443359375 1508.335693359375 1475.9666748046875 1443.598388671875 1411.231201171875 1378.8648681640625 1346.4996337890625 1314.135498046875 1281.7725830078125 1249.410888671875 1217.050537109375 1195.8477783203125 1186.257080078125 1176.66552734375 1167.0731201171875 1157.479736328125 1147.8853759765625 1138.2901611328125 1128.69384765625 1119.0965576171875 1109.4981689453125 1099.8988037109375 1090.2982177734375 1080.696533203125 1071.0936279296875 1061.4896240234375 1051.8843994140625
2255.97216796875 2222.6845703125 2189.39599609375 2156.10693359375 2122.8173828125 2089.52734375 2056.23681640625 2022.946044921875 1989.655029296875 1956.36376953125 1923.0723876953125 1889.781005859375 1856.4896240234375 1823.1983642578125 1789.9072265625 1756.6163330078125 1723.32568359375 1690.035400390625 1656.74560546875 1623.456298828125 1590.1676025390625 1556.8795166015625 1523.5921630859375 1490.3055419921875 1457.019775390625 1423.73486328125 1390.4510498046875 1357.168212890625 1323.8865966796875 1290.6060791015625 1257.3267822265625 1224.0489501953125 1202.5782470703125 1193.3515625 1184.1239013671875 1174.8955078125 1165.6661376953125 1156.435791015625 1147.20458984375 1137.9722900390625 1128.739013671875 1119.504638671875 1110.2691650390625 1101.0325927734375 1091.794921875 1082.55615234375 1073.3160400390625 1064.0748291015625
2294.024169921875 2259.785888671875 2225.546875 2191.30712890625 2157.066650390625 2122.82568359375 2088.58447265625 2054.3427734375 2020.1005859375 1985.8582763671875 1951.61572265625 1917.3731689453125 1883.1304931640625 1848.887939453125 1814.6455078125 1780.4031982421875 1746.1611328125 1711.91943359375 1677.6781005859375 1643.4373779296875 1609.1971435546875 1574.9573974609375 1540.718505859375 1506.4803466796875 1472.2430419921875 1438.006591796875 1403.7711181640625 1369.5367431640625 1335.303466796875 1301.0714111328125 1266.8406982421875 1232.6112060546875 1210.5465087890625 1201.0523681640625 1191.55908203125 1182.0667724609375 1172.5755615234375 1163.0853271484375 1153.59619140625 1144.1082763671875 1134.6214599609375 1125.1358642578125 1115.651611328125 1106.1685791015625 1096.68701171875 1087.2069091796875 1077.7281494140625 1068.2509765625
2333.3974609375 2298.192626953125 2262.98681640625 2227.780517578125 2192.573486328125 2157.365966796875 2122.157958984375 2086.94970703125 2051.740966796875 2016.531982421875 1981.3228759765625 1946.1136474609375 1910.9044189453125 1875.6951904296875 1840.486083984375 1805.277099609375 1770.0684814453125 1734.860107421875 1699.6522216796875 1664.44482421875 1629.2379150390625 1594.0316162109375 1558.8260498046875 1523.6212158203125 1488.417236328125 1453.214111328125 1418.0120849609375 1382.81103515625 1347.6112060546875 1312.4124755859375 1277.215087890625 1242.01904296875 1219.18603515625 1209.082763671875 1198.9803466796875 1188.87890625 1178.7784423828125 1168.6790771484375 1158.580810546875 1148.4837646484375 1138.3878173828125 1128.2930908203125 1118.1995849609375 1108.1075439453125 1098.0167236328125 1087.927490234375 1077.839599609375 1067.7532958984375
2372.770751953125 2336.59912109375 2300.4267578125 2264.253662109375 2228.080078125 2191.90576171875 2155.731201171875 2119.55615234375 2083.380615234375 2047.205078125 2011.029296875 1974.8533935546875 1938.6773681640625 1902.50146484375 1866.32568359375 1830.150146484375 1793.974853515625 1757.7998046875 1721.625244140625 1685.4510498046875 1649.2774658203125 1613.1044921875 1576.9322509765625 1540.7607421875 1504.590087890625 1468.42041015625 1432.2515869140625 1396.0838623046875 1359.9173583984375 1323.751953125 1287.5877685546875 1251.425048828125 1227.8243408203125 1217.1119384765625 1206.400390625 1195.6898193359375 1184.980224609375 1174.2716064453125 1163.564208984375 1152.85791015625 1142.1527099609375 1131.4488525390625 1120.7462158203125 1110.044921875 1099.3450927734375 1088.646484375 1077.949462890625 1067.25390625
2412.143798828125 2375.00537109375 2337.8662109375 2300.7265625 2263.586181640625 2226.445068359375 2189.3037109375 2152.162109375 2115.019775390625 2077.87744140625 2040.7349853515625 2003.5924072265625 1966.44970703125 1929.30712890625 1892.16455078125 1855.022216796875 1817.8802490234375 1780.7384033203125 1743.59716796875 1706.456298828125 1669.31591796875 1632.17626953125 1595.0372314453125 1557.8990478515625 1520.7615966796875 1483.6251220703125 1446.4896240234375 1409.355224609375 1372.221923828125 1335.0897216796875 1297.9588623046875 1260.8294677734375 1236.461669921875 1225.1400146484375 1213.8192138671875 1202.49951171875 1191.1806640625 1179.8629150390625 1168.5462646484375 1157.230712890625 1145.9163818359375 1134.603271484375 1123.29150390625 1111.98095703125 1100.671875 1089.3641357421875 1078.057861328125 1066.7530517578125
2451.5166015625 2413.411376953125 2375.305419921875 2337.198974609375 2299.091796875 2260.984130859375 2222.8759765625 2184.767333984375 2146.658447265625 2108.54931640625 2070.440185546875 2032.3306884765625 1994.22119140625 1956.11181640625 1918.0025634765625 1879.8934326171875 1841.78466796875 1803.6761474609375 1765.5679931640625 1727.4603271484375 1689.353271484375 1651.246826171875 1613.1409912109375 1575.0360107421875 1536.931884765625 1498.82861328125 1460.726318359375 1422.625 1384.52490234375 1346.426025390625 1308.328369140625 1270.2320556640625 1245.097900390625 1233.1669921875 1221.2369384765625 1209.3079833984375 1197.3798828125 1185.452880859375 1173.5269775390625 1161.602294921875 1149.6787109375 1137.75634765625 1125.8353271484375 1113.91552734375 1101.9971923828125 1090.0802001953125 1078.1646728515625 1066.2506103515625
2490.88916015625 2451.817138671875 2412.744384765625 2373.671142578125 2334.59716796875 2295.522705078125 2256.447509765625 2217.372314453125 2178.296630859375 2139.220703125 2100.14453125 2061.068359375 2021.991943359375 1982.915771484375 1943.839599609375 1904.7637939453125 1865.6881103515625 1826.61279296875 1787.537841796875 1748.46337890625 1709.389404296875 1670.316162109375 1631.2435302734375 1592.171630859375 1553.1007080078125 1514.0306396484375 1474.96142578125 1435.8934326171875 1396.826416015625 1357.7607421875 1318.6961669921875 1279.633056640625 1253.73291015625 1241.1927490234375 1228.653564453125 1216.115234375 1203.577880859375 1191.0416259765625 1178.5064697265625 1165.9725341796875 1153.439697265625 1140.9080810546875 1128.377685546875 1115.8486328125 1103.321044921875 1090.794677734375 1078.2698974609375 1065.7467041015625
2530.261474609375 2490.22265625 2450.18310546875 2410.142822265625 2370.10205078125 2330.060791015625 2290.018798828125 2249.9765625 2209.93408203125 2169.89111328125 2129.84814453125 2089.80517578125 2049.761962890625 2009.7188720703125 1969.6759033203125 1929.633056640625 1889.590576171875 1849.54833984375 1809.506591796875 1769.4652099609375 1729.4244384765625 1689.38427734375 1649.3447265625 1609.3060302734375 1569.2681884765625 1529.231201171875 1489.1951904296875 1449.1602783203125 1409.12646484375 1369.09375 1329.0623779296875 1289.0323486328125 1262.366943359375 1249.2174072265625 1236.0689697265625 1222.9212646484375 1209.7747802734375 1196.629150390625 1183.4847412109375 1170.3414306640625 1157.19921875 1144.058349609375 1130.918701171875 1117.7802734375 1104.643310546875 1091.5078125 1078.3736572265625 1065.2410888671875
2569.6337890625 2528.628173828125 2487.62158203125 2446.614501953125 2405.606689453125 2364.598388671875 2323.589599609375 2282.580322265625 2241.57080078125 2200.561279296875 2159.55126953125 2118.541259765625 2077.53125 2036.5211181640625 1995.51123046875 1954.5015869140625 1913.4920654296875 1872.4830322265625 1831.4742431640625 1790.4659423828125 1749.458251953125 1708.451171875 1667.44482421875 1626.4390869140625 1585.434326171875 1544.430419921875 1503.427490234375 1462.4256591796875 1421.4248046875 1380.42529296875 1339.427001953125 1298.4300537109375 1270.999755859375 1257.240966796875 1243.483154296875 1229.7261962890625 1215.9703369140625 1202.2154541015625 1188.461669921875 1174.708984375 1160.95751953125 1147.207275390625 1133.458251953125 1119.7105712890625 1105.9642333984375 1092.2193603515625 1078.4759521484375 1064.7340087890625
2609.005859375 2567.033203125 2525.0595703125 2483.08544921875 2441.11083984375 2399.135498046875 2357.159912109375 2315.18359375 2273.207275390625 2231.23046875 2189.253662109375 2147.276611328125 2105.299560546875 2063.32275390625 2021.3458251953125 1979.369140625 1937.3927001953125 1895.4166259765625 1853.44091796875 1811.4656982421875 1769.490966796875 1727.5169677734375 1685.5435791015625 1643.5709228515625 1601.59912109375 1559.6282958984375 1517.6583251953125 1475.689453125 1433.7216796875 1391.755126953125 1349.7899169921875 1307.825927734375 1279.631591796875 1265.263427734375 1250.896240234375 1236.5299072265625 1222.1646728515625 1207.8004150390625 1193.437255859375 1179.0751953125 1164.71435546875 1150.354736328125 1135.9964599609375 1121.639404296875 1107.28369140625 1092.929443359375 1078.57666015625 1064.2252197265625
2648.377685546875 2605.43798828125 2562.49755859375 2519.556396484375 2476.614501953125 2433.67236328125 2390.7294921875 2347.786376953125 2304.843017578125 2261.899169921875 2218.955322265625 2176.01123046875 2133.0673828125 2090.123291015625 2047.179443359375 2004.2357177734375 1961.2923583984375 1918.3492431640625 1875.406494140625 1832.4642333984375 1789.5225830078125 1746.5814208984375 1703.64111328125 1660.701416015625 1617.7625732421875 1574.82470703125 1531.8876953125 1488.951904296875 1446.01708984375 1403.08349609375 1360.1512451171875 1317.22021484375 1288.26220703125 1273.28466796875 1258.30810546875 1243.3323974609375 1228.3577880859375 1213.3841552734375 1198.41162109375 1183.440185546875 1168.469970703125 1153.5009765625 1138.533203125 1123.5667724609375 1108.6016845703125 1093.637939453125 1078.67578125 1063.715087890625
2687.749267578125 2643.842529296875 2599.93505859375 2556.02685546875 2512.1181640625 2468.208740234375 2424.298828125 2380.388671875 2336.47802734375 2292.5673828125 2248.656494140625 2204.745361328125 2160.834228515625 2116.923095703125 2073.01220703125 2029.1014404296875 1985.1910400390625 1941.28076171875 1897.3709716796875 1853.461669921875 1809.552978515625 1765.644775390625 1721.7373046875 1677.83056640625 1633.9246826171875 1590.019775390625 1546.11572265625 1502.2127685546875 1458.3109130859375 1414.4102783203125 1370.5108642578125 1326.61279296875 1296.891845703125 1281.3048095703125 1265.7188720703125 1250.1337890625 1234.5496826171875 1218.9666748046875 1203.3846435546875 1187.8038330078125 1172.22412109375 1156.645751953125 1141.068603515625 1125.49267578125 1109.918212890625 1094.3450927734375 1078.7734375 1063.2032470703125
2727.120849609375 2682.2470703125 2637.372314453125 2592.4970703125 2547.62109375 2502.74462890625 2457.86767578125 2412.990478515625 2368.11279296875 2323.23486328125 2278.356689453125 2233.478515625 2188.600341796875 2143.72216796875 2098.84423828125 2053.96630859375 2009.0887451171875 1964.21142578125 1919.33447265625 1874.4581298828125 1829.5821533203125 1784.7069091796875 1739.8323974609375 1694.95849609375 1650.0855712890625 1605.21337890625 1560.34228515625 1515.47216796875 1470.603271484375 1425.7354736328125 1380.868896484375 1336.003662109375 1305.520263671875 1289.3238525390625 1273.12841796875 1256.9339599609375 1240.7403564453125 1224.5478515625 1208.3564453125 1192.1661376953125 1175.97705078125 1159.7891845703125 1143.6025390625 1127.417236328125 1111.2332763671875 1095.0506591796875 1078.8695068359375 1062.68994140625
2766.4921875 2720.651123046875 2674.809326171875 2628.966796875 2583.123779296875 2537.280029296875 2491.43603515625 2445.591552734375 2399.746826171875 2353.901611328125 2308.056396484375 2262.211181640625 2216.36572265625 2170.5205078125 2124.67529296875 2078.830322265625 2032.9854736328125 1987.1409912109375 1941.2969970703125 1895.453369140625 1849.6103515625 1803.7679443359375 1757.9261474609375 1712.0850830078125 1666.2449951171875 1620.4056396484375 1574.5673828125 1528.7301025390625 1482.89404296875 1437.05908203125 1391.225341796875 1345.3929443359375 1314.147705078125 1297.341796875 1280.536865234375 1263.73291015625 1246.9298095703125 1230.1278076171875 1213.326904296875 1196.5272216796875 1179.7286376953125 1162.93115234375 1146.1351318359375 1129.3402099609375 1112.5467529296875 1095.7547607421875 1078.964111328125 1062.175048828125
2805.86328125 2759.054931640625 2712.24609375 2665.436279296875 2618.6259765625 2571.815185546875 2525.00390625 2478.192138671875 2431.380126953125 2384.56787109375 2337.755615234375 2290.943115234375 2244.13037109375 2197.31787109375 2150.505615234375 2103.693359375 2056.88134765625 2010.069580078125 1963.25830078125 1916.447509765625 1869.6373291015625 1822.82763671875 1776.0186767578125 1729.21044921875 1682.403076171875 1635.5965576171875 1588.7911376953125 1541.986572265625 1495.1832275390625 1448.381103515625 1401.580078125 1354.780517578125 1322.77392578125 1305.358642578125 1287.944091796875 1270.5306396484375 1253.1180419921875 1235.7066650390625 1218.296142578125 1200.886962890625 1183.478759765625 1166.0718994140625 1148.666259765625 1131.261962890625 1113.85888671875 1096.4573974609375 1079.0572509765625 1061.6585693359375
