results/CR_RoadDensity.asc
ncols        411
nrows        381
xllcorner    -85.974999999997
yllcorner    8.041666666663
cellsize     0.008333333333
NODATA_value  nan
[rows 273 to 293 of 381, columns 336 to 383 of 411]
920.3006591796875 917.2802734375 914.2550048828125 911.224609375 908.189208984375 905.1485595703125 902.10272216796875 899.0516357421875 895.9951171875 892.93310546875 889.86566162109375 886.7926025390625 883.7138671875 880.62945556640625 877.5391845703125 869.68035888671875 857.6888427734375 845.50653076171875 833.12872314453125 820.55047607421875 807.76666259765625 794.77203369140625 781.56103515625 768.1280517578125 754.46722412109375 740.5723876953125 726.43731689453125 712.05535888671875 697.4197998046875 682.5235595703125 667.35931396484375 651.91949462890625 636.19610595703125 620.1810302734375 603.86566162109375 587.24114990234375 570.29827880859375 553.02740478515625 535.41845703125 517.4610595703125 499.14434814453125 480.456939697265625 461.38702392578125 441.9222412109375 422.049713134765625 401.755950927734375 381.02691650390625 359.847869873046875
930.468505859375 928.48797607421875 926.50250244140625 924.511962890625 922.51641845703125 920.515625 918.50970458984375 916.4984130859375 914.4818115234375 912.459716796875 910.43212890625 908.39898681640625 906.36016845703125 904.315673828125 902.265380859375 894.36151123046875 881.46954345703125 868.38995361328125 855.118408203125 841.65057373046875 827.98175048828125 814.10723876953125 800.022216796875 785.72149658203125 771.20001220703125 756.45220947265625 741.47265625 726.25543212890625 710.79473876953125 695.08428955078125 679.11773681640625 662.888427734375 646.38958740234375 629.614013671875 612.554443359375 595.2032470703125 577.552490234375 559.593994140625 541.31927490234375 522.719482421875 503.785400390625 484.507598876953125 464.87615966796875 444.88079833984375 424.51080322265625 403.755096435546875 382.602081298828125 361.03973388671875
940.6409912109375 939.7003173828125 938.7547607421875 937.80413818359375 936.84844970703125 935.88763427734375 934.92156982421875 933.95025634765625 932.97357177734375 931.991455078125 931.0037841796875 930.0106201171875 929.01177978515625 928.0072021484375 926.99688720703125 919.01995849609375 905.19610595703125 891.18975830078125 876.9971923828125 862.6143798828125 848.0372314453125 833.26171875 818.28350830078125 803.09814453125 787.7010498046875 772.08758544921875 756.2529296875 740.1920166015625 723.89971923828125 707.37078857421875 690.5997314453125 673.580810546875 656.30828857421875 638.776123046875 620.97802734375 602.90765380859375 584.558349609375 565.92315673828125 546.99505615234375 527.7667236328125 508.23046875 488.37847900390625 468.20263671875 447.694488525390625 426.845306396484375 405.64605712890625 384.087371826171875 362.15948486328125
950.81817626953125 950.91748046875 951.0118408203125 951.1011962890625 951.1854248046875 951.26458740234375 951.3385009765625 951.4071044921875 951.47039794921875 951.52825927734375 951.58062744140625 951.62738037109375 951.6685791015625 951.70404052734375 951.73370361328125 943.65545654296875 928.86846923828125 913.90625 898.76556396484375 883.44287109375 867.934814453125 852.2376708984375 836.347900390625 820.2615966796875 803.97491455078125 787.48382568359375 770.78424072265625 753.8719482421875 736.74261474609375 719.39166259765625 701.81463623046875 684.00665283203125 665.96295166015625 647.678466796875 629.14801025390625 610.3663330078125 591.32794189453125 572.027099609375 552.45806884765625 532.6148681640625 512.4912109375 492.080810546875 471.3770751953125 450.37322998046875 429.062225341796875 407.436859130859375 385.489654541015625 363.21295166015625
961.00006103515625 962.13934326171875 963.273681640625 964.40301513671875 965.52728271484375 966.64642333984375 967.76031494140625 968.86895751953125 969.9722900390625 971.0701904296875 972.16253662109375 973.2493896484375 974.33062744140625 975.4061279296875 976.47589111328125 968.2677001953125 952.48651123046875 936.53961181640625 920.42413330078125 904.13720703125 887.67596435546875 871.03729248046875 854.21820068359375 837.2154541015625 820.02581787109375 802.64599609375 785.07257080078125 767.302001953125 749.33074951171875 731.15509033203125 712.771240234375 694.1754150390625 675.363525390625 656.33154296875 637.0753173828125 617.5904541015625 597.87261962890625 577.917236328125 557.7196044921875 537.2750244140625 516.5784912109375 495.624969482421875 474.409271240234375 452.926025390625 431.169769287109375 409.134765625 386.815277099609375 364.20526123046875
971.1866455078125 973.36590576171875 975.540283203125 977.70965576171875 979.87396240234375 982.03314208984375 984.1871337890625 986.33587646484375 988.479248046875 990.6171875 992.74969482421875 994.8765869140625 996.9979248046875 999.113525390625 1001.223388671875 992.8565673828125 976.0501708984375 959.08990478515625 941.973388671875 924.6983642578125 907.26226806640625 889.66278076171875 871.89727783203125 853.96331787109375 835.858154296875 817.57916259765625 799.12359619140625 780.4886474609375 761.67138671875 742.66888427734375 723.4781494140625 704.09613037109375 684.51959228515625 664.74542236328125 644.77020263671875 624.590576171875 604.20306396484375 583.60418701171875 562.790283203125 541.757568359375 520.50225830078125 499.02044677734375 477.30810546875 455.36114501953125 433.17535400390625 410.74639892578125 388.06982421875 365.141143798828125
981.37786865234375 984.59722900390625 987.8116455078125 991.0211181640625 994.22552490234375 997.4248046875 1000.618896484375 1003.8077392578125 1006.9912109375 1010.1693115234375 1013.3419189453125 1016.50897216796875 1019.67047119140625 1022.82623291015625 1025.9761962890625 1017.4217529296875 999.5594482421875 981.55743408203125 963.41400146484375 945.12725830078125 926.6953125 908.11614990234375 889.387939453125 870.508544921875 851.47601318359375 832.28814697265625 812.94287109375 793.43804931640625 773.7713623046875 753.94061279296875 733.94342041015625 713.77740478515625 693.44024658203125 672.92938232421875 652.2423095703125 631.37652587890625 610.32928466796875 589.09796142578125 567.6798095703125 546.072021484375 524.271728515625 502.275970458984375 480.081787109375 457.686126708984375 435.0858154296875 412.277679443359375 389.258453369140625 366.0247802734375
991.57379150390625 995.833251953125 1000.0877685546875 1004.33740234375 1008.5819091796875 1012.82135009765625 1017.05560302734375 1021.2845458984375 1025.5081787109375 1029.7264404296875 1033.9393310546875 1038.146484375 1042.34814453125 1046.544189453125 1050.734375 1041.963134765625 1023.01416015625 1003.9423828125 984.7464599609375 965.42498779296875 945.97650146484375 926.39959716796875 906.69281005859375 886.85455322265625 866.88336181640625 846.77764892578125 826.53582763671875 806.15631103515625 785.63739013671875 764.97747802734375 744.17474365234375 723.2275390625 702.13409423828125 680.89251708984375 659.5009765625 637.95770263671875 616.2606201171875 594.40789794921875 572.3974609375 550.22735595703125 527.89544677734375 505.399688720703125 482.737884521484375 459.9078369140625 436.907318115234375 413.73406982421875 390.3857421875 366.859954833984375
1001.7742919921875 1007.073974609375 1012.36871337890625 1017.658447265625 1022.94317626953125 1028.2227783203125 1033.4971923828125 1038.766357421875 1044.0302734375 1049.2886962890625 1054.541748046875 1059.789306640625 1065.0311279296875 1070.267333984375 1075.4979248046875 1066.4803466796875 1046.414306640625 1026.2449951171875 1005.97137451171875 985.592529296875 965.10748291015625 944.51519775390625 923.8145751953125 903.00457763671875 882.08416748046875 861.05224609375 839.90765380859375 818.6492919921875 797.27593994140625 775.7864990234375 754.1796875 732.45440673828125 710.60931396484375 688.64324951171875 666.5548095703125 644.34283447265625 622.005859375 599.54266357421875 576.9517822265625 554.2318115234375 531.38140869140625 508.399017333984375 485.283294677734375 462.03265380859375 438.64556884765625 415.12054443359375 391.4559326171875 367.650177001953125
1011.9794921875 1018.3193359375 1024.654296875 1030.9842529296875 1037.3092041015625 1043.629150390625 1049.9437255859375 1056.253173828125 1062.557373046875 1068.8560791015625 1075.1494140625 1081.4371337890625 1087.7193603515625 1093.995849609375 1100.2666015625 1090.973388671875 1069.759765625 1048.4652099609375 1027.089111328125 1005.630859375 984.08966064453125 962.46490478515625 940.755859375 918.9619140625 897.08233642578125 875.11639404296875 853.06341552734375 830.92254638671875 808.69305419921875 786.374267578125 763.96533203125 741.4654541015625 718.87384033203125 696.18963623046875 673.412109375 650.540283203125 627.5733642578125 604.51043701171875 581.35064697265625 558.0931396484375 534.73681640625 511.28094482421875 487.72442626953125 464.066375732421875 440.305755615234375 416.44158935546875 392.47283935546875 368.39849853515625
1022.1893310546875 1029.5694580078125 1036.9447021484375 1044.31494140625 1051.68017578125 1059.040283203125 1066.395263671875 1073.7449951171875 1081.0894775390625 1088.428466796875 1095.7620849609375 1103.0902099609375 1110.4127197265625 1117.7294921875 1125.0406494140625 1115.44189453125 1093.050537109375 1070.6036376953125 1048.1004638671875 1025.5408935546875 1002.9244384765625 980.250732421875 957.519287109375 934.72967529296875 911.881591796875 888.9744873046875 866.00799560546875 842.9815673828125 819.89483642578125 796.747314453125 773.5384521484375 750.26788330078125 726.93505859375 703.5394287109375 680.08050537109375 656.557861328125 632.9708251953125 609.3189697265625 585.6016845703125 561.8184814453125 537.96868896484375 514.05181884765625 490.0672607421875 466.014404296875 441.89263916015625 417.701385498046875 393.439971923828125 369.1077880859375
1032.40380859375 1040.82421875 1049.23974609375 1057.650390625 1066.055908203125 1074.456298828125 1082.8516845703125 1091.24169921875 1099.62646484375 1108.005859375 1116.3798828125 1124.7484130859375 1133.1112060546875 1141.468505859375 1149.820068359375 1139.8856201171875 1116.28662109375 1092.6600341796875 1069.005859375 1045.32373046875 1021.6134033203125 997.8746337890625 974.10723876953125 950.31097412109375 926.48553466796875 902.63067626953125 878.74615478515625 854.8316650390625 830.886962890625 806.9117431640625 782.90570068359375 758.86859130859375 734.800048828125 710.6998291015625 686.56756591796875 662.4029541015625 638.20574951171875 613.9754638671875 589.7119140625 565.41461181640625 541.08331298828125 516.7176513671875 492.317230224609375 467.881683349609375 443.41064453125 418.903717041015625 394.360504150390625 369.7806396484375
1042.6229248046875 1052.083740234375 1061.53955078125 1070.990478515625 1080.4364013671875 1089.8773193359375 1099.31298828125 1108.743408203125 1118.1685791015625 1127.58837890625 1137.0028076171875 1146.41162109375 1155.81494140625 1165.212646484375 1174.6046142578125 1164.304443359375 1139.4677734375 1114.635009765625 1089.8057861328125 1064.980224609375 1040.1578369140625 1015.338623046875 990.5223388671875 965.70880126953125 940.89776611328125 916.089111328125 891.28253173828125 866.4779052734375 841.67498779296875 816.87347412109375 792.07330322265625 767.2740478515625 742.47564697265625 717.677734375 692.88018798828125 668.0826416015625 643.284912109375 618.4866943359375 593.68780517578125 568.88787841796875 544.086669921875 519.28399658203125 494.479461669921875 469.672821044921875 444.863800048828125 420.052093505859375 395.2374267578125 370.41943359375
1037.78662109375 1047.5916748046875 1057.3956298828125 1067.1983642578125 1076.9998779296875 1086.8001708984375 1096.5992431640625 1106.39697265625 1116.1934814453125 1125.988525390625 1135.7823486328125 1145.5748291015625 1155.365966796875 1165.1556396484375 1174.94384765625 1164.7359619140625 1139.915283203125 1115.094482421875 1090.2735595703125 1065.452392578125 1040.631103515625 1015.80963134765625 990.9879150390625 966.16607666015625 941.343994140625 916.521728515625 891.69927978515625 866.87664794921875 842.05377197265625 817.230712890625 792.407470703125 767.583984375 742.76031494140625 717.9364013671875 693.1123046875 668.28802490234375 643.4635009765625 618.63873291015625 593.81378173828125 568.98858642578125 544.16314697265625 519.33746337890625 494.5115966796875 469.685455322265625 444.859100341796875 420.032501220703125 395.205657958984375 370.37860107421875
1032.6390380859375 1042.737548828125 1052.8349609375 1062.9310302734375 1073.0260009765625 1083.11962890625 1093.2120361328125 1103.30322265625 1113.39306640625 1123.4815673828125 1133.56884765625 1143.6546630859375 1153.7391357421875 1163.822265625 1173.9039306640625 1163.745849609375 1138.9512939453125 1114.156494140625 1089.3616943359375 1064.5665283203125 1039.7713623046875 1014.97589111328125 990.18023681640625 965.38446044921875 940.58843994140625 915.792236328125 890.995849609375 866.19921875 841.4024658203125 816.60546875 791.8082275390625 767.0108642578125 742.2132568359375 717.4154052734375 692.61737060546875 667.819091796875 643.0206298828125 618.22198486328125 593.42303466796875 568.6239013671875 543.82452392578125 519.02496337890625 494.225128173828125 469.425079345703125 444.624786376953125 419.824249267578125 395.023468017578125 370.222442626953125
1027.4927978515625 1037.884765625 1048.2755126953125 1058.6650390625 1069.0533447265625 1079.4404296875 1089.8262939453125 1100.2108154296875 1110.5941162109375 1120.97607421875 1131.356689453125 1141.7359619140625 1152.1138916015625 1162.4903564453125 1172.865478515625 1162.7559814453125 1137.9874267578125 1113.21875 1088.449951171875 1063.680908203125 1038.9117431640625 1014.142333984375 989.37274169921875 964.60302734375 939.83306884765625 915.06292724609375 890.2926025390625 865.5220947265625 840.7513427734375 815.98040771484375 791.20928955078125 766.43792724609375 741.6663818359375 716.89459228515625 692.12261962890625 667.3504638671875 642.57806396484375 617.805419921875 593.0325927734375 568.259521484375 543.4862060546875 518.712646484375 493.93890380859375 469.1649169921875 444.39068603515625 419.6162109375 394.841522216796875 370.066558837890625
1022.347900390625 1033.033203125 1043.7174072265625 1054.400390625 1065.08203125 1075.7625732421875 1086.4417724609375 1097.119873046875 1107.7965087890625 1118.471923828125 1129.14599609375 1139.818603515625 1150.489990234375 1161.159912109375 1171.8284912109375 1161.7662353515625 1137.0238037109375 1112.28125 1087.5384521484375 1062.79541015625 1038.0523681640625 1013.30902099609375 988.56549072265625 963.82183837890625 939.07794189453125 914.3338623046875 889.589599609375 864.8450927734375 840.1004638671875 815.3555908203125 790.61053466796875 765.865234375 741.1197509765625 716.37408447265625 691.628173828125 666.88201904296875 642.13568115234375 617.38909912109375 592.642333984375 567.89532470703125 543.1480712890625 518.400634765625 493.652923583984375 468.904998779296875 444.1568603515625 419.408447265625 394.659820556640625 369.910919189453125
1017.20428466796875 1028.1829833984375 1039.16064453125 1050.136962890625 1061.1121826171875 1072.0860595703125 1083.0587158203125 1094.0301513671875 1105.0003662109375 1115.9691162109375 1126.9366455078125 1137.90283203125 1148.8675537109375 1159.8309326171875 1170.79296875 1160.7767333984375 1136.060302734375 1111.3438720703125 1086.6270751953125 1061.91015625 1037.193115234375 1012.47589111328125 987.7584228515625 963.04083251953125 938.322998046875 913.60498046875 888.88677978515625 864.16839599609375 839.44976806640625 814.73095703125 790.011962890625 765.29278564453125 740.5733642578125 715.85369873046875 691.13385009765625 666.413818359375 641.69354248046875 616.9730224609375 592.2523193359375 567.5313720703125 542.81024169921875 518.08880615234375 493.367218017578125 468.645355224609375 443.923248291015625 419.200927734375 394.478363037109375 369.75555419921875
1012.0618896484375 1023.3341064453125 1034.6051025390625 1045.8748779296875 1057.1435546875 1068.410888671875 1079.677001953125 1090.94189453125 1102.2054443359375 1113.4677734375 1124.728759765625 1135.98828125 1147.24658203125 1158.50341796875 1169.7589111328125 1159.787353515625 1135.0970458984375 1110.4066162109375 1085.7159423828125 1061.025146484375 1036.3341064453125 1011.6429443359375 986.95159912109375 962.260009765625 937.56829833984375 912.8763427734375 888.1842041015625 863.49188232421875 838.79931640625 814.10662841796875 789.41363525390625 764.72052001953125 740.02716064453125 715.3336181640625 690.63983154296875 665.94586181640625 641.25164794921875 616.55718994140625 591.862548828125 567.167724609375 542.47259521484375 517.77728271484375 493.08172607421875 468.38592529296875 443.689910888671875 418.99365234375 394.297149658203125 369.60040283203125
1006.92083740234375 1018.4864501953125 1030.0509033203125 1041.6141357421875 1053.17626953125 1064.737060546875 1076.2967529296875 1087.85498046875 1099.412109375 1110.9677734375 1122.522216796875 1134.0753173828125 1145.626953125 1157.1773681640625 1168.726318359375 1158.79833984375 1134.134033203125 1109.4696044921875 1084.8050537109375 1060.1402587890625 1035.475341796875 1010.81024169921875 986.14495849609375 961.47943115234375 936.81378173828125 912.14788818359375 887.4818115234375 862.8155517578125 838.14910888671875 813.482421875 788.8155517578125 764.14849853515625 739.481201171875 714.813720703125 690.14599609375 665.47808837890625 640.8099365234375 616.1416015625 591.4730224609375 566.80426025390625 542.13519287109375 517.4659423828125 492.796478271484375 468.12677001953125 443.456817626953125 418.78662109375 394.116180419921875 369.445526123046875
1001.781005859375 1013.64013671875 1025.498046875 1037.354736328125 1049.2103271484375 1061.064697265625 1072.917724609375 1084.76953125 1096.6199951171875 1108.46923828125 1120.317138671875 1132.1636962890625 1144.0089111328125 1155.8526611328125 1167.695068359375 1157.809326171875 1133.1712646484375 1108.5328369140625 1083.8944091796875 1059.255615234375 1034.6168212890625 1009.97772216796875 985.3385009765625 960.6990966796875 936.0594482421875 911.419677734375 886.7796630859375 862.13946533203125 837.49908447265625 812.8585205078125 788.21771240234375 763.57672119140625 738.93548583984375 714.2940673828125 689.65240478515625 665.01055908203125 640.3685302734375 615.72625732421875 591.083740234375 566.4410400390625 541.79803466796875 517.1549072265625 492.511474609375 467.867828369140625 443.22393798828125 418.579833984375 393.93548583984375 369.2908935546875
