results/CR_RiosDensity.asc
ncols        411
nrows        381
xllcorner    -85.974999999997
yllcorner    8.041666666663
cellsize     0.008333333333
NODATA_value  nan
[rows 120 to 143 of 381, columns 0 to 52 of 411]
nan nan nan nan nan nan nan nan nan nan nan nan nan nan nan nan nan 283.450103759765625 296.2003173828125 308.950531005859375 321.70074462890625 334.450958251953125 347.201171875 359.951385498046875 372.70159912109375 385.451812744140625 398.202056884765625 410.9522705078125 423.702484130859375 436.45269775390625 449.202911376953125 461.953125 474.703338623046875 487.45355224609375 500.203765869140625 512.9539794921875 525.70416259765625 538.45440673828125 551.20458984375 563.954833984375 576.70501708984375 589.45526123046875 602.2054443359375 614.9556884765625 627.70587158203125 640.45611572265625 653.206298828125 665.95654296875 678.70672607421875 691.45697021484375 704.2071533203125 716.9573974609375 729.7076416015625
nan nan nan nan nan nan nan nan nan nan nan nan nan nan nan nan nan 280.465301513671875 293.11590576171875 305.7664794921875 318.41705322265625 331.067657470703125 343.718231201171875 356.368804931640625 369.0194091796875 381.66998291015625 394.320556640625 406.971160888671875 419.621734619140625 432.272308349609375 444.92291259765625 457.573486328125 470.22406005859375 482.874664306640625 495.525238037109375 508.175811767578125 520.826416015625 533.47698974609375 546.1275634765625 558.77813720703125 571.4287109375 584.079345703125 596.72991943359375 609.3804931640625 622.03106689453125 634.681640625 647.33221435546875 659.9827880859375 672.6334228515625 685.28399658203125 697.9345703125 710.58514404296875 723.2357177734375
nan nan nan nan nan nan nan nan nan nan nan nan nan nan nan nan nan nan 290.031463623046875 302.582427978515625 315.13336181640625 327.684326171875 340.23529052734375 352.786224365234375 365.337188720703125 377.88812255859375 390.4390869140625 402.99005126953125 415.540985107421875 428.091949462890625 440.642913818359375 453.19384765625 465.74481201171875 478.295745849609375 490.846710205078125 503.397674560546875 515.9486083984375 528.49957275390625 541.050537109375 553.60150146484375 566.15240478515625 578.703369140625 591.25433349609375 603.8052978515625 616.35626220703125 628.90716552734375 641.4581298828125 654.00909423828125 666.56005859375 679.11102294921875 691.66192626953125 704.212890625 716.76385498046875
nan nan nan nan nan nan nan nan nan nan nan nan nan nan nan nan nan nan 286.947021484375 299.398345947265625 311.84967041015625 324.300994873046875 336.7523193359375 349.203643798828125 361.65496826171875 374.106292724609375 386.5576171875 399.008941650390625 411.46026611328125 423.911590576171875 436.3629150390625 448.814208984375 461.265533447265625 473.71685791015625 486.168182373046875 498.6195068359375 511.070831298828125 523.52215576171875 535.97344970703125 548.4248046875 560.8760986328125 573.32745361328125 585.77874755859375 598.2301025390625 610.681396484375 623.13275146484375 635.58404541015625 648.035400390625 660.4866943359375 672.93804931640625 685.38934326171875 697.84063720703125 710.2919921875
nan nan nan nan nan nan nan nan nan nan nan nan nan nan nan nan nan nan nan 296.21429443359375 308.56597900390625 320.917694091796875 333.269378662109375 345.621063232421875 357.972747802734375 370.324432373046875 382.6761474609375 395.02783203125 407.3795166015625 419.731201171875 432.082916259765625 444.434600830078125 456.786285400390625 469.137969970703125 481.489654541015625 493.84136962890625 506.19305419921875 518.54473876953125 530.89642333984375 543.24810791015625 555.59979248046875 567.95147705078125 580.30322265625 592.6549072265625 605.006591796875 617.3582763671875 629.7099609375 642.0616455078125 654.413330078125 666.7650146484375 679.11669921875 691.46844482421875 703.82012939453125
nan nan nan nan nan nan nan nan nan nan nan nan nan nan nan nan nan nan nan nan 305.28228759765625 317.53436279296875 329.786407470703125 342.038482666015625 354.29052734375 366.5426025390625 378.794647216796875 391.046722412109375 403.29876708984375 415.55084228515625 427.802886962890625 440.054962158203125 452.307037353515625 464.55908203125 476.8111572265625 489.063201904296875 501.315277099609375 513.56732177734375 525.81939697265625 538.07147216796875 550.323486328125 562.5755615234375 574.82763671875 587.0797119140625 599.33172607421875 611.58380126953125 623.83587646484375 636.08795166015625 648.3399658203125 660.592041015625 672.8441162109375 685.09619140625 697.34820556640625
nan nan nan nan nan nan nan nan nan nan nan nan nan nan nan nan nan nan nan nan 301.99859619140625 314.151031494140625 326.303466796875 338.455902099609375 350.60833740234375 362.7607421875 374.913177490234375 387.06561279296875 399.218048095703125 411.3704833984375 423.52288818359375 435.675323486328125 447.8277587890625 459.980194091796875 472.13262939453125 484.285064697265625 496.437469482421875 508.58990478515625 520.74237060546875 532.894775390625 545.04718017578125 557.19964599609375 569.35205078125 581.5045166015625 593.65692138671875 605.809326171875 617.9617919921875 630.11419677734375 642.26666259765625 654.4190673828125 666.57147216796875 678.72393798828125 690.8763427734375
nan nan nan nan nan nan nan nan nan nan nan nan nan nan nan nan nan nan nan nan 298.71490478515625 310.7677001953125 322.82049560546875 334.873321533203125 346.926116943359375 358.978912353515625 371.031707763671875 383.084503173828125 395.137298583984375 407.190093994140625 419.242889404296875 431.29571533203125 443.3485107421875 455.40130615234375 467.4541015625 479.50689697265625 491.5596923828125 503.61248779296875 515.665283203125 527.71807861328125 539.7708740234375 551.82366943359375 563.87646484375 575.9293212890625 587.98211669921875 600.034912109375 612.08770751953125 624.1405029296875 636.19329833984375 648.24609375 660.29888916015625 672.3516845703125 684.40447998046875
nan nan nan nan nan nan nan nan nan nan nan nan nan nan nan nan nan nan nan nan nan 307.3843994140625 319.337554931640625 331.29071044921875 343.243896484375 355.197052001953125 367.150238037109375 379.1033935546875 391.05657958984375 403.009735107421875 414.962890625 426.91607666015625 438.869232177734375 450.822418212890625 462.77557373046875 474.728759765625 486.681915283203125 498.63507080078125 510.5882568359375 522.54144287109375 534.49456787109375 546.44775390625 558.40093994140625 570.35406494140625 582.3072509765625 594.26043701171875 606.213623046875 618.166748046875 630.11993408203125 642.0731201171875 654.0262451171875 665.97943115234375 677.9326171875
nan nan nan nan nan nan nan nan nan nan nan nan nan nan nan nan nan nan nan nan nan 304.001068115234375 315.8546142578125 327.7081298828125 339.561676025390625 351.41522216796875 363.268768310546875 375.122283935546875 386.975830078125 398.829376220703125 410.682891845703125 422.53643798828125 434.389984130859375 446.2435302734375 458.0970458984375 469.950592041015625 481.80413818359375 493.65765380859375 505.511199951171875 517.36474609375 529.21826171875 541.07183837890625 552.92535400390625 564.77886962890625 576.6324462890625 588.4859619140625 600.3394775390625 612.19305419921875 624.04656982421875 635.900146484375 647.753662109375 659.607177734375 671.46075439453125
nan nan nan nan nan nan nan nan nan nan nan nan nan nan nan nan nan nan nan nan nan nan 312.37164306640625 324.12554931640625 335.87945556640625 347.63336181640625 359.38726806640625 371.14117431640625 382.89508056640625 394.64898681640625 406.40289306640625 418.15679931640625 429.91070556640625 441.66461181640625 453.41851806640625 465.17242431640625 476.926361083984375 488.680267333984375 500.434173583984375 512.18804931640625 523.94195556640625 535.69586181640625 547.44976806640625 559.20367431640625 570.95758056640625 582.71148681640625 594.46539306640625 606.21929931640625 617.97320556640625 629.72711181640625 641.48101806640625 653.23492431640625 664.98883056640625
nan nan nan nan nan nan nan nan nan nan nan nan nan nan nan nan nan nan nan nan nan nan 308.888702392578125 320.54296875 332.197235107421875 343.851531982421875 355.50579833984375 367.160064697265625 378.814361572265625 390.4686279296875 402.122894287109375 413.777191162109375 425.43145751953125 437.085723876953125 448.740020751953125 460.394287109375 472.048553466796875 483.702850341796875 495.35711669921875 507.011383056640625 518.6656494140625 530.3199462890625 541.9742431640625 553.62847900390625 565.28277587890625 576.93707275390625 588.59130859375 600.24560546875 611.89990234375 623.55413818359375 635.20843505859375 646.86273193359375 658.5169677734375
nan nan nan nan nan nan nan nan nan nan nan nan nan nan nan nan nan nan nan nan nan nan 305.405731201171875 316.96038818359375 328.515045166015625 340.069671630859375 351.62432861328125 363.178955078125 374.733612060546875 386.28826904296875 397.8428955078125 409.397552490234375 420.95220947265625 432.5068359375 444.061492919921875 455.616119384765625 467.1707763671875 478.725433349609375 490.280059814453125 501.834716796875 513.38934326171875 524.94403076171875 536.4986572265625 548.05328369140625 559.60797119140625 571.16259765625 582.71722412109375 594.2718505859375 605.8265380859375 617.38116455078125 628.935791015625 640.490478515625 652.04510498046875
nan nan nan nan nan nan nan nan nan nan nan nan nan nan nan nan nan nan nan nan nan nan 301.92279052734375 313.3778076171875 324.83282470703125 336.287841796875 347.74285888671875 359.1978759765625 370.652862548828125 382.107879638671875 393.562896728515625 405.017913818359375 416.472930908203125 427.927947998046875 439.382965087890625 450.837982177734375 462.292999267578125 473.748016357421875 485.203033447265625 496.658050537109375 508.113067626953125 519.56805419921875 531.0230712890625 542.47808837890625 553.93310546875 565.38812255859375 576.8431396484375 588.29815673828125 599.753173828125 611.20819091796875 622.6632080078125 634.11822509765625 645.5732421875
nan nan nan nan nan nan nan nan nan nan nan nan nan nan nan nan nan nan nan nan nan nan nan 309.79522705078125 321.150604248046875 332.5059814453125 343.861358642578125 355.216766357421875 366.5721435546875 377.927520751953125 389.28289794921875 400.6383056640625 411.993682861328125 423.34906005859375 434.704437255859375 446.059814453125 457.41522216796875 468.770599365234375 480.1259765625 491.481353759765625 502.836761474609375 514.192138671875 525.5474853515625 536.90289306640625 548.25830078125 559.6136474609375 570.96905517578125 582.324462890625 593.6798095703125 605.03521728515625 616.39056396484375 627.7459716796875 639.10137939453125
nan nan nan nan nan nan nan nan nan nan nan nan nan nan nan nan nan nan nan nan nan nan nan nan 317.4683837890625 328.724151611328125 339.979888916015625 351.23565673828125 362.49139404296875 373.747161865234375 385.002899169921875 396.2586669921875 407.514404296875 418.770172119140625 430.025909423828125 441.28167724609375 452.53741455078125 463.793182373046875 475.048919677734375 486.3046875 497.560455322265625 508.816192626953125 520.07196044921875 531.32769775390625 542.58343505859375 553.8392333984375 565.094970703125 576.3507080078125 587.6064453125 598.86224365234375 610.11798095703125 621.37371826171875 632.62945556640625
nan nan nan nan nan nan nan nan nan nan nan nan nan nan nan nan nan nan nan nan nan nan nan nan 313.786163330078125 324.942291259765625 336.098419189453125 347.254547119140625 358.410675048828125 369.5667724609375 380.722900390625 391.8790283203125 403.03515625 414.1912841796875 425.347412109375 436.503509521484375 447.659637451171875 458.815765380859375 469.971893310546875 481.128021240234375 492.284149169921875 503.44024658203125 514.59637451171875 525.75250244140625 536.90863037109375 548.06475830078125 559.22088623046875 570.37701416015625 581.53314208984375 592.689208984375 603.8453369140625 615.00146484375 626.1575927734375
nan nan nan nan nan nan nan nan nan nan nan nan nan nan nan nan nan nan nan nan nan nan nan nan nan 321.16046142578125 332.216949462890625 343.2734375 354.329925537109375 365.38641357421875 376.442901611328125 387.4993896484375 398.555877685546875 409.612396240234375 420.66888427734375 431.725372314453125 442.7818603515625 453.838348388671875 464.89483642578125 475.951324462890625 487.0078125 498.0643310546875 509.120819091796875 520.17730712890625 531.2337646484375 542.290283203125 553.3468017578125 564.40325927734375 575.45977783203125 586.5162353515625 597.57275390625 608.62921142578125 619.68572998046875
nan nan nan nan nan nan nan nan nan nan nan nan nan nan nan nan nan nan nan nan nan nan nan nan nan nan 328.335479736328125 339.292327880859375 350.249176025390625 361.2060546875 372.16290283203125 383.119781494140625 394.076629638671875 405.033477783203125 415.9903564453125 426.94720458984375 437.904083251953125 448.860931396484375 459.81781005859375 470.774658203125 481.73150634765625 492.688385009765625 503.645233154296875 514.60211181640625 525.5589599609375 536.51580810546875 547.47271728515625 558.4295654296875 569.38641357421875 580.34326171875 591.30010986328125 602.25701904296875 613.2138671875
nan nan nan nan nan nan nan nan nan nan nan nan nan nan nan nan nan nan nan nan nan nan nan nan nan nan nan 335.31121826171875 346.16845703125 357.025665283203125 367.882904052734375 378.740142822265625 389.597381591796875 400.45458984375 411.31182861328125 422.1690673828125 433.02630615234375 443.883514404296875 454.740753173828125 465.597991943359375 476.4552001953125 487.31243896484375 498.169677734375 509.02691650390625 519.8841552734375 530.74139404296875 541.59857177734375 552.455810546875 563.31304931640625 574.1702880859375 585.02752685546875 595.884765625 606.74200439453125
nan nan nan nan nan nan nan nan nan nan nan nan nan nan nan nan nan nan nan nan nan nan nan nan nan nan nan 331.330108642578125 342.08770751953125 352.845306396484375 363.6029052734375 374.360504150390625 385.11810302734375 395.875701904296875 406.63330078125 417.390899658203125 428.14849853515625 438.906097412109375 449.6636962890625 460.421295166015625 471.17889404296875 481.936492919921875 492.694091796875 503.45172119140625 514.20928955078125 524.9669189453125 535.7244873046875 546.48211669921875 557.23968505859375 567.997314453125 578.7548828125 589.51251220703125 600.27008056640625
nan nan nan nan nan nan nan nan nan nan nan nan nan nan nan nan nan nan nan nan nan nan nan nan nan nan nan nan 338.0069580078125 348.664947509765625 359.322906494140625 369.980865478515625 380.63885498046875 391.29681396484375 401.95477294921875 412.612762451171875 423.270721435546875 433.928680419921875 444.586669921875 455.24462890625 465.902587890625 476.560577392578125 487.218536376953125 497.876495361328125 508.53448486328125 519.19244384765625 529.85040283203125 540.50836181640625 551.1663818359375 561.8243408203125 572.4822998046875 583.1402587890625 593.7982177734375
nan nan nan nan nan nan nan nan nan nan nan nan nan nan nan nan nan nan nan nan nan nan nan nan nan nan nan nan 333.926239013671875 344.48455810546875 355.04290771484375 365.60125732421875 376.159576416015625 386.717926025390625 397.276275634765625 407.8345947265625 418.3929443359375 428.9512939453125 439.509613037109375 450.067962646484375 460.62628173828125 471.18463134765625 481.74298095703125 492.301300048828125 502.859649658203125 513.41796875 523.976318359375 534.53466796875 545.093017578125 555.6513671875 566.20965576171875 576.76800537109375 587.32635498046875
nan nan nan nan nan nan nan nan nan nan nan nan nan nan nan nan nan nan nan nan nan nan nan nan nan nan nan nan nan nan 350.762908935546875 361.22161865234375 371.680328369140625 382.1390380859375 392.597747802734375 403.05645751953125 413.515167236328125 423.973876953125 434.432586669921875 444.891265869140625 455.3499755859375 465.808685302734375 476.26739501953125 486.726104736328125 497.184814453125 507.643524169921875 518.10223388671875 528.5609130859375 539.0196533203125 549.47833251953125 559.93707275390625 570.395751953125 580.8544921875
