results/CR_RiosDensity.asc
ncols        411
nrows        381
xllcorner    -85.974999999997
yllcorner    8.041666666663
cellsize     0.008333333333
NODATA_value  nan
[rows 24 to 47 of 381, columns 53 to 105 of 411]
750.04193115234375 764.204833984375 778.36767578125 792.53057861328125 806.69342041015625 820.8563232421875 821.518310546875 817.03082275390625 812.5433349609375 808.05584716796875 803.568359375 799.080810546875 794.59332275390625 790.1058349609375 785.61834716796875 781.13079833984375 776.643310546875 772.15582275390625 767.6683349609375 763.18084716796875 758.69329833984375 754.205810546875 749.71832275390625 745.2308349609375 740.7432861328125 736.25579833984375 731.768310546875 727.28082275390625 722.7933349609375 718.3057861328125 713.81829833984375 709.330810546875 704.84332275390625 700.3558349609375 695.8682861328125 691.38079833984375 686.893310546875 682.40582275390625 677.91827392578125 673.4307861328125 668.94329833984375 664.455810546875 659.96832275390625 655.48077392578125 650.9932861328125 646.50579833984375 642.018310546875 637.53076171875 633.04327392578125 628.5557861328125 624.06829833984375 619.580810546875 615.09326171875
750.04193115234375 764.204833984375 778.36767578125 792.53057861328125 806.69342041015625 820.8563232421875 821.518310546875 817.03082275390625 812.5433349609375 808.05584716796875 803.568359375 799.080810546875 794.59332275390625 790.1058349609375 785.61834716796875 781.13079833984375 776.643310546875 772.15582275390625 767.6683349609375 763.18084716796875 758.69329833984375 754.205810546875 749.71832275390625 745.2308349609375 740.7432861328125 736.25579833984375 731.768310546875 727.28082275390625 722.7933349609375 718.3057861328125 713.81829833984375 709.330810546875 704.84332275390625 700.3558349609375 695.8682861328125 691.38079833984375 686.893310546875 682.40582275390625 677.91827392578125 673.4307861328125 668.94329833984375 664.455810546875 659.96832275390625 655.48077392578125 650.9932861328125 646.50579833984375 642.018310546875 637.53076171875 633.04327392578125 628.5557861328125 624.06829833984375 619.580810546875 615.09326171875
750.04193115234375 764.204833984375 778.36767578125 792.53057861328125 806.69342041015625 820.8563232421875 821.518310546875 817.03082275390625 812.5433349609375 808.05584716796875 803.568359375 799.080810546875 794.59332275390625 790.1058349609375 785.61834716796875 781.13079833984375 776.643310546875 772.15582275390625 767.6683349609375 763.18084716796875 758.69329833984375 754.205810546875 749.71832275390625 745.2308349609375 740.7432861328125 736.25579833984375 731.768310546875 727.28082275390625 722.7933349609375 718.3057861328125 713.81829833984375 709.330810546875 704.84332275390625 700.3558349609375 695.8682861328125 691.38079833984375 686.893310546875 682.40582275390625 677.91827392578125 673.4307861328125 668.94329833984375 664.455810546875 659.96832275390625 655.48077392578125 650.9932861328125 646.50579833984375 642.018310546875 637.53076171875 633.04327392578125 628.5557861328125 624.06829833984375 619.580810546875 615.09326171875
750.04193115234375 764.204833984375 778.36767578125 792.53057861328125 806.69342041015625 820.8563232421875 821.518310546875 817.03082275390625 812.5433349609375 808.05584716796875 803.568359375 799.080810546875 794.59332275390625 790.1058349609375 785.61834716796875 781.13079833984375 776.643310546875 772.15582275390625 767.6683349609375 763.18084716796875 758.69329833984375 754.205810546875 749.71832275390625 745.2308349609375 740.7432861328125 736.25579833984375 731.768310546875 727.28082275390625 722.7933349609375 718.3057861328125 713.81829833984375 709.330810546875 704.84332275390625 700.3558349609375 695.8682861328125 691.38079833984375 686.893310546875 682.40582275390625 677.91827392578125 673.4307861328125 668.94329833984375 664.455810546875 659.96832275390625 655.48077392578125 650.9932861328125 646.50579833984375 642.018310546875 637.53076171875 633.04327392578125 628.5557861328125 624.06829833984375 619.580810546875 615.09326171875
750.04193115234375 764.204833984375 778.36767578125 792.53057861328125 806.69342041015625 820.8563232421875 821.518310546875 817.03082275390625 812.5433349609375 808.05584716796875 803.568359375 799.080810546875 794.59332275390625 790.1058349609375 785.61834716796875 781.13079833984375 776.643310546875 772.15582275390625 767.6683349609375 763.18084716796875 758.69329833984375 754.205810546875 749.71832275390625 745.2308349609375 740.7432861328125 736.25579833984375 731.768310546875 727.28082275390625 722.7933349609375 718.3057861328125 713.81829833984375 709.330810546875 704.84332275390625 700.3558349609375 695.8682861328125 691.38079833984375 686.893310546875 682.40582275390625 677.91827392578125 673.4307861328125 668.94329833984375 664.455810546875 659.96832275390625 655.48077392578125 650.9932861328125 646.50579833984375 642.018310546875 637.53076171875 633.04327392578125 628.5557861328125 624.06829833984375 619.580810546875 615.09326171875
750.04193115234375 764.204833984375 778.36767578125 792.53057861328125 806.69342041015625 820.8563232421875 821.518310546875 817.03082275390625 812.5433349609375 808.05584716796875 803.568359375 799.080810546875 794.59332275390625 790.1058349609375 785.61834716796875 781.13079833984375 776.643310546875 772.15582275390625 767.6683349609375 763.18084716796875 758.69329833984375 754.205810546875 749.71832275390625 745.2308349609375 740.7432861328125 736.25579833984375 731.768310546875 727.28082275390625 722.7933349609375 718.3057861328125 713.81829833984375 709.330810546875 704.84332275390625 700.3558349609375 695.8682861328125 691.38079833984375 686.893310546875 682.40582275390625 677.91827392578125 673.4307861328125 668.94329833984375 664.455810546875 659.96832275390625 655.48077392578125 650.9932861328125 646.50579833984375 642.018310546875 637.53076171875 633.04327392578125 628.5557861328125 624.06829833984375 619.580810546875 615.09326171875
751.3687744140625 765.5390625 779.7093505859375 793.879638671875 808.04986572265625 822.22015380859375 822.91973876953125 818.4813232421875 814.04290771484375 809.6044921875 805.16607666015625 800.7276611328125 796.2891845703125 791.85076904296875 787.412353515625 782.97393798828125 778.5355224609375 774.09710693359375 769.65863037109375 765.22021484375 760.78179931640625 756.3433837890625 751.90496826171875 747.466552734375 743.028076171875 738.58966064453125 734.1512451171875 729.71282958984375 725.2744140625 720.83599853515625 716.3975830078125 711.9591064453125 707.52069091796875 703.082275390625 698.64385986328125 694.2054443359375 689.76702880859375 685.32855224609375 680.89013671875 676.45172119140625 672.0133056640625 667.57489013671875 663.136474609375 658.697998046875 654.25958251953125 649.8211669921875 645.38275146484375 640.9443359375 636.50592041015625 632.0675048828125 627.6290283203125 623.19061279296875 618.752197265625
753.33392333984375 767.51513671875 781.6964111328125 795.87762451171875 810.058837890625 824.2401123046875 824.99530029296875 820.62957763671875 816.26385498046875 811.89813232421875 807.5323486328125 803.1666259765625 798.8009033203125 794.43511962890625 790.06939697265625 785.70367431640625 781.337890625 776.97216796875 772.6064453125 768.24066162109375 763.87493896484375 759.50921630859375 755.1434326171875 750.7777099609375 746.4119873046875 742.04620361328125 737.68048095703125 733.31475830078125 728.94903564453125 724.583251953125 720.217529296875 715.851806640625 711.48602294921875 707.12030029296875 702.75457763671875 698.3887939453125 694.0230712890625 689.6573486328125 685.29156494140625 680.92584228515625 676.56011962890625 672.1943359375 667.82861328125 663.462890625 659.09710693359375 654.73138427734375 650.36566162109375 645.99993896484375 641.6341552734375 637.2684326171875 632.9027099609375 628.53692626953125 624.17120361328125
755.29901123046875 769.4912109375 783.68341064453125 797.8756103515625 812.06781005859375 826.260009765625 827.0709228515625 822.77783203125 818.48480224609375 814.19171142578125 809.898681640625 805.6055908203125 801.31256103515625 797.01947021484375 792.7264404296875 788.433349609375 784.14031982421875 779.84722900390625 775.55419921875 771.2611083984375 766.96807861328125 762.67498779296875 758.3819580078125 754.08892822265625 749.79583740234375 745.5028076171875 741.209716796875 736.91668701171875 732.62359619140625 728.33056640625 724.0374755859375 719.74444580078125 715.45135498046875 711.1583251953125 706.865234375 702.57220458984375 698.27911376953125 693.986083984375 689.6929931640625 685.39996337890625 681.10693359375 676.8138427734375 672.52081298828125 668.22772216796875 663.9346923828125 659.6416015625 655.34857177734375 651.05548095703125 646.762451171875 642.4693603515625 638.17633056640625 633.88323974609375 629.5902099609375
757.26416015625 771.46728515625 785.67047119140625 799.87359619140625 814.0767822265625 828.27996826171875 829.146484375 824.92608642578125 820.7056884765625 816.4853515625 812.26495361328125 808.0445556640625 803.82421875 799.60382080078125 795.38348388671875 791.1630859375 786.94268798828125 782.72235107421875 778.501953125 774.28155517578125 770.06121826171875 765.8408203125 761.6204833984375 757.40008544921875 753.1796875 748.9593505859375 744.73895263671875 740.5185546875 736.2982177734375 732.07781982421875 727.85748291015625 723.6370849609375 719.41668701171875 715.19635009765625 710.9759521484375 706.75555419921875 702.53521728515625 698.3148193359375 694.094482421875 689.87408447265625 685.6536865234375 681.433349609375 677.21295166015625 672.9925537109375 668.772216796875 664.55181884765625 660.33148193359375 656.111083984375 651.89068603515625 647.67034912109375 643.449951171875 639.22955322265625 635.00921630859375
759.229248046875 773.443359375 787.657470703125 801.87164306640625 816.08575439453125 830.29986572265625 831.2220458984375 827.0743408203125 822.9266357421875 818.7789306640625 814.63128662109375 810.48358154296875 806.33587646484375 802.18817138671875 798.04046630859375 793.892822265625 789.7451171875 785.597412109375 781.44970703125 777.30206298828125 773.15435791015625 769.00665283203125 764.85894775390625 760.71124267578125 756.5635986328125 752.4158935546875 748.2681884765625 744.1204833984375 739.9727783203125 735.82513427734375 731.67742919921875 727.52972412109375 723.38201904296875 719.234375 715.086669921875 710.93896484375 706.791259765625 702.6435546875 698.49591064453125 694.34820556640625 690.20050048828125 686.05279541015625 681.90509033203125 677.7574462890625 673.6097412109375 669.4620361328125 665.3143310546875 661.16668701171875 657.01898193359375 652.87127685546875 648.72357177734375 644.57586669921875 640.42822265625
761.1943359375 775.41943359375 789.64453125 803.86962890625 818.0947265625 832.31976318359375 833.297607421875 829.22259521484375 825.1475830078125 821.07257080078125 816.99755859375 812.92254638671875 808.8475341796875 804.77252197265625 800.697509765625 796.62249755859375 792.5474853515625 788.47247314453125 784.39752197265625 780.322509765625 776.24749755859375 772.1724853515625 768.09747314453125 764.0224609375 759.94744873046875 755.8724365234375 751.79742431640625 747.722412109375 743.64739990234375 739.5723876953125 735.49737548828125 731.42236328125 727.34735107421875 723.2723388671875 719.19732666015625 715.12237548828125 711.04736328125 706.97235107421875 702.8973388671875 698.82232666015625 694.747314453125 690.67230224609375 686.5972900390625 682.52227783203125 678.447265625 674.37225341796875 670.2972412109375 666.22222900390625 662.147216796875 658.07220458984375 653.9971923828125 649.9222412109375 645.84722900390625
763.15948486328125 777.3955078125 791.631591796875 805.86761474609375 820.1036376953125 834.3397216796875 835.3731689453125 831.370849609375 827.3685302734375 823.3662109375 819.36383056640625 815.36151123046875 811.35919189453125 807.35687255859375 803.35455322265625 799.35223388671875 795.34991455078125 791.34759521484375 787.34527587890625 783.34295654296875 779.34063720703125 775.3382568359375 771.3359375 767.3336181640625 763.331298828125 759.3289794921875 755.32666015625 751.3243408203125 747.322021484375 743.3197021484375 739.3173828125 735.31500244140625 731.31268310546875 727.31036376953125 723.30804443359375 719.30572509765625 715.30340576171875 711.30108642578125 707.29876708984375 703.29644775390625 699.29412841796875 695.29180908203125 691.2894287109375 687.287109375 683.2847900390625 679.282470703125 675.2801513671875 671.27783203125 667.2755126953125 663.273193359375 659.2708740234375 655.2685546875 651.26617431640625
765.12457275390625 779.37158203125 793.61859130859375 807.8656005859375 822.11260986328125 836.359619140625 837.44873046875 833.51910400390625 829.58941650390625 825.6597900390625 821.73016357421875 817.800537109375 813.870849609375 809.94122314453125 806.0115966796875 802.08197021484375 798.15228271484375 794.22265625 790.29302978515625 786.3634033203125 782.4337158203125 778.50408935546875 774.574462890625 770.64483642578125 766.71514892578125 762.7855224609375 758.85589599609375 754.92626953125 750.99658203125 747.06695556640625 743.1373291015625 739.20770263671875 735.27801513671875 731.348388671875 727.41876220703125 723.4891357421875 719.5594482421875 715.62982177734375 711.7001953125 707.77056884765625 703.84088134765625 699.9112548828125 695.98162841796875 692.052001953125 688.122314453125 684.19268798828125 680.2630615234375 676.33343505859375 672.40374755859375 668.47412109375 664.54449462890625 660.6148681640625 656.6851806640625
767.08966064453125 781.34765625 795.60565185546875 809.86358642578125 824.12158203125 838.37957763671875 839.5242919921875 835.6673583984375 831.81036376953125 827.95343017578125 824.096435546875 820.239501953125 816.382568359375 812.52557373046875 808.66864013671875 804.8116455078125 800.9547119140625 797.0977783203125 793.24078369140625 789.38385009765625 785.52685546875 781.669921875 777.81298828125 773.95599365234375 770.09906005859375 766.2420654296875 762.3851318359375 758.52813720703125 754.67120361328125 750.81427001953125 746.957275390625 743.100341796875 739.24334716796875 735.38641357421875 731.52947998046875 727.6724853515625 723.8155517578125 719.95855712890625 716.10162353515625 712.24468994140625 708.3876953125 704.53076171875 700.67376708984375 696.81683349609375 692.95989990234375 689.1029052734375 685.2459716796875 681.38897705078125 677.53204345703125 673.67510986328125 669.818115234375 665.961181640625 662.10418701171875
769.0548095703125 783.32373046875 797.5926513671875 811.86163330078125 826.13055419921875 840.39947509765625 841.599853515625 837.81561279296875 834.03131103515625 830.24700927734375 826.4627685546875 822.678466796875 818.89422607421875 815.10992431640625 811.32568359375 807.5413818359375 803.757080078125 799.97283935546875 796.18853759765625 792.404296875 788.6199951171875 784.83575439453125 781.05145263671875 777.2672119140625 773.48291015625 769.6986083984375 765.91436767578125 762.13006591796875 758.3458251953125 754.5615234375 750.77728271484375 746.99298095703125 743.20867919921875 739.4244384765625 735.64013671875 731.85589599609375 728.07159423828125 724.287353515625 720.5030517578125 716.71881103515625 712.93450927734375 709.15020751953125 705.365966796875 701.5816650390625 697.79742431640625 694.01312255859375 690.2288818359375 686.444580078125 682.6602783203125 678.87603759765625 675.09173583984375 671.3074951171875 667.523193359375
771.0198974609375 785.2998046875 799.5797119140625 813.859619140625 828.1395263671875 842.41943359375 843.6754150390625 839.9638671875 836.25225830078125 832.5406494140625 828.82904052734375 825.11749267578125 821.4058837890625 817.69427490234375 813.982666015625 810.2711181640625 806.55950927734375 802.847900390625 799.1363525390625 795.42474365234375 791.713134765625 788.00152587890625 784.28997802734375 780.578369140625 776.86676025390625 773.15521240234375 769.443603515625 765.73199462890625 762.0203857421875 758.308837890625 754.59722900390625 750.8856201171875 747.17401123046875 743.46246337890625 739.7508544921875 736.03924560546875 732.32769775390625 728.6160888671875 724.90447998046875 721.19287109375 717.4813232421875 713.76971435546875 710.05810546875 706.3465576171875 702.63494873046875 698.92333984375 695.21173095703125 691.50018310546875 687.78857421875 684.07696533203125 680.36541748046875 676.65380859375 672.94219970703125
772.98504638671875 787.27587890625 801.5667724609375 815.85760498046875 830.14849853515625 844.4393310546875 845.7509765625 842.112060546875 838.47320556640625 834.83428955078125 831.19537353515625 827.55645751953125 823.91754150390625 820.27862548828125 816.63970947265625 813.00079345703125 809.3619384765625 805.7230224609375 802.0841064453125 798.4451904296875 794.8062744140625 791.1673583984375 787.5284423828125 783.8895263671875 780.25067138671875 776.61175537109375 772.97283935546875 769.33392333984375 765.69500732421875 762.05609130859375 758.41717529296875 754.77825927734375 751.139404296875 747.50048828125 743.861572265625 740.22265625 736.583740234375 732.94482421875 729.305908203125 725.6669921875 722.02813720703125 718.38922119140625 714.75030517578125 711.11138916015625 707.47247314453125 703.83355712890625 700.19464111328125 696.55572509765625 692.9168701171875 689.2779541015625 685.6390380859375 682.0001220703125 678.3612060546875
774.95013427734375 789.251953125 803.55377197265625 817.8555908203125 832.15740966796875 846.45928955078125 847.8265380859375 844.26031494140625 840.694091796875 837.12786865234375 833.5616455078125 829.99542236328125 826.42919921875 822.86297607421875 819.2967529296875 815.73052978515625 812.164306640625 808.59808349609375 805.0318603515625 801.46563720703125 797.8994140625 794.33319091796875 790.7669677734375 787.20074462890625 783.634521484375 780.06829833984375 776.5020751953125 772.93585205078125 769.36962890625 765.80340576171875 762.2371826171875 758.67095947265625 755.104736328125 751.53851318359375 747.97222900390625 744.406005859375 740.83978271484375 737.2735595703125 733.70733642578125 730.14111328125 726.57489013671875 723.0086669921875 719.44244384765625 715.876220703125 712.30999755859375 708.7437744140625 705.17755126953125 701.611328125 698.04510498046875 694.4788818359375 690.91265869140625 687.346435546875 683.78021240234375
776.91522216796875 791.22802734375 805.54083251953125 819.8536376953125 834.1663818359375 848.47918701171875 849.902099609375 846.4085693359375 842.9150390625 839.4215087890625 835.927978515625 832.4344482421875 828.94085693359375 825.44732666015625 821.95379638671875 818.46026611328125 814.96673583984375 811.47314453125 807.9796142578125 804.486083984375 800.9925537109375 797.4990234375 794.00543212890625 790.51190185546875 787.01837158203125 783.52484130859375 780.03131103515625 776.53778076171875 773.044189453125 769.5506591796875 766.05712890625 762.5635986328125 759.070068359375 755.57647705078125 752.08294677734375 748.58941650390625 745.09588623046875 741.60235595703125 738.1087646484375 734.615234375 731.1217041015625 727.628173828125 724.1346435546875 720.64111328125 717.14752197265625 713.65399169921875 710.16046142578125 706.66693115234375 703.17340087890625 699.6798095703125 696.186279296875 692.6927490234375 689.19921875
778.88037109375 793.2041015625 807.52789306640625 821.85162353515625 836.17535400390625 850.49908447265625 851.97772216796875 848.55682373046875 845.135986328125 841.71514892578125 838.29425048828125 834.8734130859375 831.4525146484375 828.03167724609375 824.61083984375 821.18994140625 817.76910400390625 814.3482666015625 810.9273681640625 807.50653076171875 804.085693359375 800.664794921875 797.24395751953125 793.8231201171875 790.4022216796875 786.98138427734375 783.560546875 780.1396484375 776.71881103515625 773.2979736328125 769.8770751953125 766.45623779296875 763.035400390625 759.614501953125 756.19366455078125 752.7728271484375 749.3519287109375 745.93109130859375 742.51025390625 739.08935546875 735.66851806640625 732.2476806640625 728.8267822265625 725.40594482421875 721.98504638671875 718.564208984375 715.14337158203125 711.72247314453125 708.3016357421875 704.88079833984375 701.45989990234375 698.0390625 694.61822509765625
780.845458984375 795.18017578125 809.514892578125 823.849609375 838.184326171875 852.51904296875 854.05328369140625 850.705078125 847.35693359375 844.00872802734375 840.66058349609375 837.3123779296875 833.9642333984375 830.61602783203125 827.26788330078125 823.919677734375 820.571533203125 817.22332763671875 813.87518310546875 810.5269775390625 807.1788330078125 803.83062744140625 800.48248291015625 797.13427734375 793.7861328125 790.43792724609375 787.08978271484375 783.7415771484375 780.3934326171875 777.04522705078125 773.69708251953125 770.348876953125 767.000732421875 763.65252685546875 760.30438232421875 756.9561767578125 753.6080322265625 750.25982666015625 746.91168212890625 743.5634765625 740.21533203125 736.86712646484375 733.51898193359375 730.1707763671875 726.8226318359375 723.47442626953125 720.12628173828125 716.778076171875 713.429931640625 710.08172607421875 706.73358154296875 703.3853759765625 700.0372314453125
782.81060791015625 797.15625 811.501953125 825.84759521484375 840.19329833984375 854.5389404296875 856.12884521484375 852.85333251953125 849.57781982421875 846.3023681640625 843.02685546875 839.7513427734375 836.47589111328125 833.20037841796875 829.92486572265625 826.6494140625 823.3739013671875 820.09844970703125 816.82293701171875 813.54742431640625 810.27197265625 806.9964599609375 803.720947265625 800.44549560546875 797.16998291015625 793.89447021484375 790.6190185546875 787.343505859375 784.0679931640625 780.79254150390625 777.51702880859375 774.24151611328125 770.966064453125 767.6905517578125 764.4150390625 761.13958740234375 757.86407470703125 754.58856201171875 751.3131103515625 748.03759765625 744.7620849609375 741.48663330078125 738.21112060546875 734.93560791015625 731.66015625 728.3846435546875 725.109130859375 721.83367919921875 718.55816650390625 715.28271484375 712.0072021484375 708.731689453125 705.45623779296875
784.77569580078125 799.13232421875 813.48895263671875 827.84564208984375 842.2022705078125 856.55889892578125 858.20440673828125 855.0015869140625 851.79876708984375 848.595947265625 845.3931884765625 842.19036865234375 838.987548828125 835.78472900390625 832.5819091796875 829.379150390625 826.17633056640625 822.9735107421875 819.77069091796875 816.56787109375 813.36505126953125 810.16229248046875 806.95947265625 803.75665283203125 800.5538330078125 797.35101318359375 794.14825439453125 790.9454345703125 787.74261474609375 784.539794921875 781.33697509765625 778.13421630859375 774.931396484375 771.72857666015625 768.5257568359375 765.32293701171875 762.1201171875 758.9173583984375 755.71453857421875 752.51171875 749.30889892578125 746.1060791015625 742.9033203125 739.70050048828125 736.4976806640625 733.29486083984375 730.092041015625 726.8892822265625 723.68646240234375 720.483642578125 717.28082275390625 714.0780029296875 710.87518310546875
