results/CR_RiosDensity.asc
ncols        411
nrows        381
xllcorner    -85.974999999997
yllcorner    8.041666666663
cellsize     0.008333333333
NODATA_value nan
[rows 75 to 99 of 381, columns 0 to 56 of 411]
nan nan nan nan nan nan nan nan nan nan nan nan nan nan nan nan nan nan nan nan nan nan nan nan nan nan nan nan nan nan nan nan nan nan nan nan 0 0 0 0 0 0 0 0 0 0.69205945730209350586 1.7045075893402099609 0.25900477170944213867 0 0 0 0 0 0 0 0 0
nan nan nan nan nan nan nan nan nan nan nan nan nan nan nan nan nan nan nan nan nan nan nan nan nan nan nan nan nan nan nan nan nan nan nan nan 0 0 0 0 0 0 0 0 0 0.75212085247039794922 1.8524357080459594727 0.28148287534713745117 0 0 0 0 0 0 0.056857530027627944946 0.3799985349178314209 0.48720663785934448242
nan nan nan nan nan nan nan nan nan nan nan nan nan nan nan nan nan nan nan nan nan nan nan nan nan nan nan nan nan nan nan nan nan nan 0 0 0 0 0 0 0 0 0 0 0 0.83263760805130004883 2.0507442951202392578 0.31161645054817199707 0 0 0 0 0 0 0.14536450803279876709 0.97152131795883178711 1.2456142902374267578
nan nan nan nan nan nan nan nan nan nan nan nan nan nan nan nan nan nan nan nan nan nan nan nan nan nan nan nan nan nan nan nan nan nan 0 0 0 0 0 0 0 0.090293720364570617676 0.30309885740280151367 0.6353238224983215332 0.27423000335693359375 0.76294577121734619141 1.8931472301483154297 0.39338231086730957031 0.047663673758506774902 0 0 0 0.11286587268114089966 0.4474951326847076416 0.87687200307846069336 0.83488851785659790039 0.80357891321182250977
nan nan nan nan nan nan nan nan nan nan nan nan nan nan nan nan nan nan nan nan nan nan nan nan nan nan nan nan nan nan nan 0 0 0 0 0 0 0 0 0 0 0.19321095943450927734 0.64919644594192504883 1.3646568059921264648 0.61075741052627563477 0.67966711521148681641 1.6513680219650268555 0.50167667865753173828 0.11305595934391021729 0 0 0 0.26109293103218078613 0.97690296173095703125 1.6916631460189819336 0.55227100849151611328 0.13706476986408233643
nan nan nan nan nan nan nan nan nan nan nan nan nan nan nan nan nan nan nan nan nan nan nan nan nan nan nan nan nan 0 0 0 0 0 0 0 0 0 0 0 0 0.084900066256523132324 0.3106752932071685791 0.81090581417083740234 1.2440433502197265625 1.2380924224853515625 0.89402282238006591797 1.2454131841659545898 0.50027716159820556641 0 0 0 0.91216289997100830078 1.2172800302505493164 0.74334448575973510742 0.24267694354057312012 0.060228507965803146362
nan nan nan nan nan nan nan nan nan nan nan nan nan nan nan nan nan nan nan nan nan nan nan 0 0 0 nan nan 0 0 0 0 0 0 0 0 0 0.022044055163860321045 0.080414660274982452393 0.20730204880237579346 0.2056372910737991333 0.12147251516580581665 0.039907593280076980591 0.3318125307559967041 1.5695905685424804688 1.583552241325378418 0.46009677648544311523 1.8343257904052734375 0.85415852069854736328 0.059789441525936126709 0 0 1.4037790298461914063 1.3871936798095703125 0 0 0
nan nan nan nan nan nan nan nan nan nan nan nan nan nan nan nan nan nan nan nan nan nan nan 0 0 0 0 0 0 0 0 0 0 0 0 0 0 0.12403150647878646851 0.45245540142059326172 1.1663908958435058594 1.1570241451263427734 0.68346858024597167969 0.014849602244794368744 0.12346732616424560547 0.7791144251823425293 1.1566865444183349609 1.199059605598449707 1.8617651462554931641 1.0871316194534301758 0.33640700578689575195 0 0 1.3171312808990478516 1.3015695810317993164 0 0 0
nan nan nan nan nan nan nan nan nan nan nan nan nan nan nan nan nan nan nan nan nan 0 0 0 0.16582916676998138428 0.3216005861759185791 0.37296840548515319824 0.33267432451248168945 0.32395204901695251465 0.33834969997406005859 0.36731868982315063477 0.37058463692665100098 0.36867955327033996582 0.3806800544261932373 0.4023608863353729248 0.34328505396842956543 0.42511060833930969238 0.75039273500442504883 1.2957819700241088867 1.6518322229385375977 1.4348967075347900391 0.95779877901077270508 0.42431905865669250488 0.34701463580131530762 0.55938112735748291016 1.0978078842163085938 1.760766148567199707 1.5417755842208862305 1.2044371366500854492 0.64243334531784057617 0 0 1.1398570537567138672 1.2174963951110839844 0.20804566144943237305 0.027610359713435173035 0
nan nan nan nan nan nan nan nan nan nan nan nan nan nan nan nan nan nan 0 nan nan 0 0 0 0.57288122177124023438 1.111016392707824707 1.2884740829467773438 1.1492723226547241211 1.1191399097442626953 1.1688786745071411133 1.268956303596496582 1.2802389860153198242 1.2736575603485107422 1.3151150941848754883 1.3900147676467895508 1.1859285831451416016 1.4686069488525390625 2.1395325660705566406 2.8246626853942871094 1.4482835531234741211 0.73304408788681030273 0.81367671489715576172 1.4658724069595336914 1.1988129615783691406 1.1698769330978393555 1.5742201805114746094 2.0646274089813232422 0.71639984846115112305 1.1534869670867919922 0.99123895168304443359 0 0 0.83075362443923950195 1.1356791257858276367 0.71872425079345703125 0.095384038984775543213 0
nan nan nan nan nan nan nan nan nan nan nan nan nan nan nan nan nan nan nan nan nan 0 0 0 0.49258089065551757813 0.95528608560562133789 1.1078696250915527344 0.98817968368530273438 0.96227091550827026367 1.0050379037857055664 1.0910876989364624023 1.1007888317108154297 1.1330463886260986328 1.1746599674224853516 1.1951774358749389648 1.0196979045867919922 1.7749592065811157227 2.5188884735107421875 2.6735117435455322266 0.97786545753479003906 0.3019657433032989502 0.50567674636840820313 1.2604022026062011719 1.0307762622833251953 1.2616341114044189453 1.70836639404296875 2.0404031276702880859 1.0647764205932617188 1.4775222539901733398 1.1598234176635742188 0 0 0.86070752143859863281 1.1211622953414916992 0.61798125505447387695 0.082014136016368865967 0
nan nan nan nan nan nan nan nan nan nan nan nan nan nan nan nan nan nan nan nan nan nan 0 0 0.085528858006000518799 0.16587026417255401611 0.19236399233341217041 0.17158171534538269043 0.16708306968212127686 0.17450888454914093018 0.18945007026195526123 0.19113452732563018799 0.29140639305114746094 0.3135306239128112793 0.20752359926700592041 0.17705436050891876221 1.5870836973190307617 2.221221923828125 1.3959615230560302734 0.32852128148078918457 0.052431557327508926392 0.087802752852439880371 0.21884885430335998535 0.1789779365062713623 1.005596160888671875 1.613036036491394043 1.7962099313735961914 2.2001104354858398438 2.0529716014862060547 1.2075761556625366211 0 0 1.1179869174957275391 1.1517676115036010742 0.10730263590812683105 0.014240453019738197327 0
nan nan nan nan nan nan nan nan nan nan nan nan nan nan nan nan nan nan nan nan nan 0 0 0 0 0 0 0 0 0 0 0 0.064533323049545288086 0.07468916475772857666 0 0 0.87176805734634399414 1.2159835100173950195 0.63513559103012084961 0.10820018500089645386 0.45911163091659545898 0.732341766357421875 0.67074769735336303711 0.70112061500549316406 0.98256826400756835938 1.07537841796875 1.0684045553207397461 2.0299956798553466797 1.9404575824737548828 1.2892832756042480469 0.40087839961051940918 0.057101447135210037231 0.70040082931518554688 0.92787265777587890625 0.62094038724899291992 0.6235027313232421875 0.27626806497573852539
nan nan nan nan nan nan nan nan nan nan nan nan nan nan nan nan nan nan nan nan nan nan nan 0 0 0 0 0 0 0 0 0 0.0011953099165111780167 0.0013834201963618397713 0 0 0.016147209331393241882 0.022522894665598869324 0.01176421530544757843 0.0020041235256940126419 1.0403522253036499023 1.6594947576522827148 1.5199220180511474609 1.5887473821640014648 1.0215237140655517578 0.42005676031112670898 0.21195273101329803467 1.512616276741027832 1.6449376344680786133 1.3800226449966430664 0.90839505195617675781 0.12939253449440002441 0.10329273343086242676 0.63627755641937255859 1.4070580005645751953 1.4128643274307250977 0.62602663040161132813
nan nan nan nan nan nan nan nan nan nan nan nan nan nan nan nan nan nan nan nan nan nan nan nan 0 0.085175730288028717041 0.25644755363464355469 0.050395566970109939575 0 0 0 0 0 0 0 0 0.17914360761642456055 0.49122121930122375488 0.86305356025695800781 0.94801461696624755859 1.0500417947769165039 0.96378171443939208984 0.70279878377914428711 0.73462307453155517578 0.46775186061859130859 0.18654526770114898682 0.11669515073299407959 0.89573377370834350586 1.4853348731994628906 1.659506678581237793 1.3001787662506103516 0.18519853055477142334 0.042107213288545608521 0.28862160444259643555 0.65061146020889282227 0.65329623222351074219 0.72050619125366210938
nan nan nan nan nan nan nan nan nan nan nan nan nan nan nan nan nan nan nan nan nan nan nan nan 0.10775369405746459961 0.29715245962142944336 0.49452331662178039551 0.09718081355094909668 0.0063386093825101852417 0.012573545798659324646 0.014440809376537799835 0.0027145904023200273514 0 0 0.0049032652750611305237 0.049254447221755981445 0.3729610741138458252 0.8752352595329284668 1.4529680013656616211 1.7040171623229980469 1.0074216127395629883 0.32764297723770141602 0 0 0 0 0.051848631352186203003 0.39798200130462646484 1.361769556999206543 1.8626502752304077148 1.5667977333068847656 0.35000818967819213867 0.071665123105049133301 0.016373466700315475464 0.012639885768294334412 0.084476731717586517334 0.78915047645568847656
nan nan nan nan nan nan nan nan nan nan nan nan nan nan nan nan nan nan nan nan nan nan nan nan 0.73286974430084228516 1.1100777387619018555 0.62070584297180175781 0.12197746336460113525 0.043111052364110946655 0.085516989231109619141 0.098216883838176727295 0.018462857231497764587 0 0 0.03334878385066986084 0.33499634265899658203 0.62068808078765869141 0.69914484024047851563 0.65174216032028198242 1.4505516290664672852 0.76642906665802001953 0.12741875648498535156 0 0 0 0 0.062717132270336151123 0.48140689730644226074 1.398680567741394043 1.6818270683288574219 1.2431455850601196289 1.0397042036056518555 0.48741903901100158691 0.11136155575513839722 0.085968188941478729248 0.57455515861511230469 0.75732696056365966797
nan nan nan nan nan nan nan nan nan nan nan nan nan nan nan nan nan nan nan nan nan 0 nan nan 0.90337669849395751953 1.300244450569152832 0.56008040904998779297 0.11006371676921844482 0.053141124546527862549 0.24326132237911224365 0.5191447138786315918 0.097589075565338134766 0 0 0.041107598692178726196 0.41293543577194213867 0.62186515331268310547 0.4690609276294708252 0.12354515492916107178 1.1228191852569580078 0.77599191665649414063 0.26297181844711303711 0.034721191972494125366 0.28869006037712097168 0.15848365426063537598 0.027479287236928939819 0.055634953081607818604 0.42704522609710693359 1.2897865772247314453 1.5151484012603759766 1.0982830524444580078 1.3346495628356933594 0.83003759384155273438 0.37034630775451660156 0.2335786968469619751 0.72516459226608276367 0.71561163663864135742
nan nan nan nan nan nan nan nan nan nan nan nan nan nan nan nan nan nan nan nan nan nan 0 0 0.27826067805290222168 0.40050500631332397461 0.17251756787300109863 0.033902138471603393555 0.016368679702281951904 0.54941785335540771484 1.5301305055618286133 0.28763467073440551758 0 0 0.01266208011656999588 0.12719355523586273193 0.1915486752986907959 0.14448148012161254883 0.073182918131351470947 0.66511058807373046875 1.2240583896636962891 0.9861774444580078125 0.13020883500576019287 1.0826240777969360352 0.594333648681640625 0.10305078327655792236 0.017136838287115097046 0.13153968751430511475 0.92571562528610229492 1.3732246160507202148 1.2663251161575317383 0.93873161077499389648 1.0446602106094360352 0.91634583473205566406 0.51119238138198852539 0.28166076540946960449 0.65658432245254516602
nan nan nan nan nan nan nan nan nan nan nan nan nan nan nan nan nan nan nan nan nan nan 0 0 0 0 0 0 0 0.65233761072158813477 1.8838151693344116211 0.35412049293518066406 0 0 0 0 0 0 0.035191956907510757446 0.31983616948127746582 1.1007910966873168945 1.2779793739318847656 0.82213079929351806641 1.672412872314453125 1.1209828853607177734 0.61920225620269775391 0.549419403076171875 0.56315964460372924805 1.0154063701629638672 1.3498890399932861328 1.4154773950576782227 1.2326647043228149414 1.1670484542846679688 1.0541501045227050781 0.83532118797302246094 0.44469398260116577148 0.82277280092239379883
nan nan nan nan nan nan nan nan nan nan nan nan nan nan nan nan nan nan nan nan nan nan 0 0 0 0 0 0 0 0.59221297502517700195 1.7101877927780151367 0.32148194313049316406 0 0 0 0 0 0 0.007125702686607837677 0.064760744571685791016 0.51917791366577148438 1.2236926555633544922 1.9925352334976196289 2.0984284877777099609 1.7204749584197998047 1.488803863525390625 1.5396040678024291992 1.5781075954437255859 1.4691220521926879883 1.4216893911361694336 1.5494756698608398438 2.0800228118896484375 1.2154428958892822266 0.86448454856872558594 1.1967661380767822266 1.0943145751953125 1.1696379184722900391
nan nan nan nan nan nan nan nan nan nan nan nan nan nan nan nan nan nan nan nan nan 0.24397189915180206299 0.058563079684972763062 0.011997833847999572754 0 0 0 0 0 0.37055000662803649902 1.1243873834609985352 0.81269383430480957031 0.31230857968330383301 0 0 0 0 0 0 0 0.21826381981372833252 0.7108218073844909668 1.3451911211013793945 1.2963706254959106445 1.551495671272277832 1.747353672981262207 1.7823951244354248047 1.7179348468780517578 1.5415053367614746094 1.4830031394958496094 1.6310268640518188477 2.0845379829406738281 1.4417525529861450195 0.91839134693145751953 0.75701290369033813477 0.73980671167373657227 0.73890030384063720703
nan nan nan nan nan nan nan nan nan nan nan nan nan nan nan nan nan nan 0 nan 0.41410368680953979492 0.57096314430236816406 0.13705414533615112305 0.028078319504857063293 0 0 0 0 0 0.093918383121490478516 0.39833176136016845703 1.4821628332138061523 0.73089033365249633789 0 0 0 0 0 0 0 0.012866650708019733429 0.041902944445610046387 0.079299002885818481445 0.076421044766902923584 1.1210190057754516602 1.7979732751846313477 1.7708611488342285156 1.5599738359451293945 1.4841279983520507813 1.54074859619140625 1.6947312355041503906 1.8022484779357910156 1.7286036014556884766 1.0551815032958984375 0.04462590441107749939 0.043611600995063781738 0.043558169156312942505
nan nan nan nan nan nan nan nan nan nan nan nan nan nan nan nan nan 0 0 0 0.20665845274925231934 0.28493916988372802734 0.068396881222724914551 0.014012486673891544342 0 0 0 0 0 0.10612838715314865112 0.45174390077590942383 1.6931654214859008789 0.92846012115478515625 0.1078645661473274231 0 0 0 0 0 0 0.078572757542133331299 0.34055110812187194824 0.72826039791107177734 0.72821623086929321289 1.228168487548828125 1.6137768030166625977 1.6907575130462646484 1.4579716920852661133 1.2106598615646362305 0.98281210660934448242 0.81838703155517578125 0.85974347591400146484 1.2952117919921875 1.1334677934646606445 0.39408957958221435547 0.05230080336332321167 0
nan nan nan nan nan nan nan nan nan nan nan nan nan nan nan nan 0 0.017401099205017089844 0.061853770166635513306 0.098432980477809906006 0.048887565732002258301 0.030469208955764770508 0.10125125199556350708 0.10255286842584609985 0.08992335200309753418 0.054894566535949707031 0 0 0 0.12616908550262451172 0.52045845985412597656 1.8261049985885620117 1.1370368003845214844 0.29033106565475463867 0.041307132691144943237 0.05363863334059715271 0.034759569913148880005 0.037301354110240936279 0.064827427268028259277 0.011043845675885677338 0.14083649218082427979 0.61041545867919921875 1.30535888671875 1.3052797317504882813 1.2566587924957275391 1.3372384309768676758 1.5019956827163696289 1.2747719287872314453 0.95450127124786376953 0.5266215205192565918 0.092322655022144317627 0.0885942801833152771 0.9542293548583984375 1.3249582052230834961 0.97676801681518554688 0.32938444614410400391 0.20437531173229217529
