results/CR_RiosDensity.asc
ncols        411
nrows        381
xllcorner    -85.974999999997
yllcorner    8.041666666663
cellsize     0.008333333333
NODATA_value nan
[rows 175 to 199 of 381, columns 171 to 227 of 411]
0.21726827323436737061 0.28723531961441040039 1.5618228912353515625 1.3577533960342407227 0.48091241717338562012 1.3677591085433959961 1.7063139677047729492 1.5498790740966796875 1.4868537187576293945 2.6406826972961425781 1.9703642129898071289 0.90484952926635742188 0.0033177770674228668213 0.015813104808330535889 0.0049034869298338890076 0 0.018975351005792617798 0.087084792554378509521 0.099545761942863464355 0.054978750646114349365 0 0 0 1.1145451068878173828 2.4434931278228759766 2.7920651435852050781 0.7442607879638671875 0 0 0 0 0 0 0 0 0 0 0 0 0 0 0 0 0 0.38078197836875915527 1.3397160768508911133 0.67429578304290771484 0.22406016290187835693 0 0 0 1.1838392019271850586 2.4746260643005371094 3.0899524688720703125 1.5536181926727294922 0.60925912857055664063 0.15814003348350524902
1.2900557518005371094 0.56929278373718261719 1.3568952083587646484 1.8426065444946289063 1.753229975700378418 0.98163402080535888672 1.2183717489242553711 1.2855836153030395508 1.3882049322128295898 2.1687092781066894531 1.7295398712158203125 0.83478343486785888672 0.023934338241815567017 0.11407523602247238159 0.035373598337173461914 0 0.1368875652551651001 0.62822693586349487305 0.7181199193000793457 0.39661496877670288086 0 0 0 0.43817219138145446777 1.2352612018585205078 2.2734231948852539063 0.61086434125900268555 0 0 0 0 0 0 0 0 0 0 0 0 0 0 0 0 0 0.29614230990409851074 1.0361721515655517578 0.37894827127456665039 0.088086999952793121338 0 0 0 1.1795107126235961914 1.8911386728286743164 1.2345330715179443359 0.92380541563034057617 1.0774283409118652344 1.1408171653747558594
1.9073613882064819336 0.66322243213653564453 0.99613106250762939453 1.7415677309036254883 2.0847928524017333984 0.58982086181640625 0.91780877113342285156 1.240918278694152832 1.5464839935302734375 2.1930508613586425781 1.516510009765625 0.76538687944412231445 0.29995149374008178711 0.55860906839370727539 0.30079448223114013672 0.16037634015083312988 0.34524434804916381836 1.1175365447998046875 0.99724560976028442383 0.49762067198753356934 0 0 0 0 0.41862663626670837402 1.7922549247741699219 0.64157783985137939453 0.10935824364423751831 0 0 0 0 0 0 0 0 0 0.0034823676105588674545 0.23526056110858917236 0.37574106454849243164 0.43085759878158569336 0.40325650572776794434 0.2289202958345413208 0.083633750677108764648 0.19432613253593444824 0.67606794834136962891 0.15108489990234375 0 0 0 0 1.1542470455169677734 1.4842590093612670898 0.026207011193037033081 0.41536793112754821777 1.1118873357772827148 1.4313484430313110352
1.6868039369583129883 0.41108930110931396484 0.34870436787605285645 0.56277549266815185547 0.68582946062088012695 0.18754436075687408447 0.96193152666091918945 1.600264430046081543 2.1773838996887207031 3.1303682327270507813 1.3546081781387329102 0.69722199440002441406 1.045780181884765625 1.6401128768920898438 0.99840933084487915039 0.61576634645462036133 0.71997469663619995117 1.5114998817443847656 0.65195268392562866211 0.15598446130752563477 0 0 0 0 0.32233867049217224121 1.3800199031829833984 0.97417312860488891602 0.41988193988800048828 0 0 0 0 0 0 0 0 0 0.013370580971240997314 0.90328496694564819336 1.4426610469818115234 1.6542814970016479492 1.5483069419860839844 0.87894147634506225586 0.32111251354217529297 0.060913581401109695435 0.21192063391208648682 0.047359157353639602661 0 0 0 0 1.0904729366302490234 1.402251124382019043 0.008214864879846572876 0.13020147383213043213 0.34853282570838928223 0.4486713111400604248
1.1905766725540161133 0.64601367712020874023 0.30534309148788452148 0.11354350298643112183 0.032942261546850204468 0.00270921364426612854 0.68702328205108642578 1.2809941768646240234 2.0348272323608398438 3.6046195030212402344 1.5333735942840576172 1.0708907842636108398 1.6559098958969116211 1.5337357521057128906 1.5052522420883178711 1.3045308589935302734 1.1048003435134887695 1.2063099145889282227 0.34579229354858398438 0 0 0 0 0 0.20767262578010559082 0.88910329341888427734 1.3867712020874023438 0.86991918087005615234 0.10738790780305862427 0.0011825248366221785545 0 0 0 0 0 0.26890200376510620117 0.49434688687324523926 0.39878442883491516113 1.0280120372772216797 1.4075016975402832031 1.5942455530166625977 1.6257730722427368164 1.1750215291976928711 0.65755200386047363281 0.22621269524097442627 0 0 0 0 0 0 0.78573453426361083984 1.010384678840637207 0 0 0 0
0.46273186802864074707 1.2901632785797119141 0.76951712369918823242 0.27728745341300964355 0.0069078379310667514801 0.00056810938986018300056 0.14406555891036987305 0.39155110716819763184 1.2424131631851196289 3.6898028850555419922 1.9983674287796020508 1.8157877922058105469 2.1520252227783203125 0.42930197715759277344 1.8518087863922119141 2.1893763542175292969 1.4981081485748291016 0.31369197368621826172 0.072511017322540283203 0 0 0 0 0 0.07756534963846206665 0.33207845687866210938 1.8665876388549804688 1.4371756315231323242 0.30500304698944091797 0.0033586060162633657455 0 0 0 0 0 0.76373529434204101563 1.4040436744689941406 1.0997146368026733398 0.69626098871231079102 0.44637584686279296875 0.45584759116172790527 0.80625563859939575195 1.1737203598022460938 1.0771383047103881836 0.6424891352653503418 0 0 0 0 0 0 0.27853819727897644043 0.35817533731460571289 0 0 0 0
0.26169362664222717285 1.3132350444793701172 1.516689300537109375 0.90541368722915649414 0.021185902878642082214 0.0017423556419089436531 0 0.12076835334300994873 0.9430751800537109375 3.5853786468505859375 2.1881973743438720703 1.7827839851379394531 1.8210718631744384766 0.58379673957824707031 1.4131652116775512695 1.5830600261688232422 1.0536372661590576172 0.050529219210147857666 0 0 0 0 0 0 0.025560358539223670959 0.10943087935447692871 1.184033513069152832 1.1499340534210205078 0.64970999956130981445 0.47721391916275024414 0.12163596600294113159 0 0 0.0011085786391049623489 0.5710353851318359375 0.92355895042419433594 1.0037198066711425781 0.76560997962951660156 0.5049393773078918457 0.20468565821647644043 0.091325439512729644775 0.34965142607688903809 0.6967830657958984375 0.70574623346328735352 0.44711789488792419434 0 0 0 0 0 0 0.085488297045230865479 0.1099303513765335083 0 0 0 0
0.25091901421546936035 1.111995697021484375 2.3660702705383300781 1.7012581825256347656 0.050023395568132400513 0.0041139875538647174835 0 0.073423549532890319824 0.8218186497688293457 3.4124748706817626953 2.27864837646484375 1.4688302278518676758 1.191411137580871582 1.192971348762512207 0.69093555212020874023 0.43818932771682739258 0.30659079551696777344 0.014703156426548957825 0 0 0 0 0 0 0.0017631124937906861305 0.007548366207629442215 0.081672728061676025391 0.5540784001350402832 1.0475411415100097656 1.121422886848449707 0.28720247745513916016 0 0 0.0026175361126661300659 1.3483083248138427734 0.96238911151885986328 0.13026353716850280762 0.05768795311450958252 0.36433580517768859863 0.2228298485279083252 0.0062994821928441524506 0.024118393659591674805 0.048062976449728012085 0.048681244254112243652 0.030841475352644920349 0 0 0 0 0 0 0.0058968453668057918549 0.0075828186236321926117 0 0 0 0
1.6269696950912475586 1.1879017353057861328 2.5620102882385253906 1.8704781532287597656 0.025603983551263809204 0.002105704043060541153 0 0.66659814119338989258 1.635664820671081543 2.0792701244354248047 1.2244677543640136719 0.70557475090026855469 0.55875122547149658203 0.60431206226348876953 0.31112432479858398438 0.17247655987739562988 0.12263031303882598877 0.0058809742331504821777 0 0 0 0 0 0 0 0 0 0.24889507889747619629 0.77053356170654296875 1.5858558416366577148 0.44202423095703125 0.022905059158802032471 0.22077290713787078857 0.88840454816818237305 1.8023419380187988281 1.4888637065887451172 0.91240298748016357422 0.96949809789657592773 0.8704897761344909668 0.40608265995979309082 0.24962432682514190674 0.9102961421012878418 0.24287015199661254883 0.019934542477130889893 0 0 0 0 0 0 0 0 0 0 0 0 0
2.8544719219207763672 1.2560787200927734375 2.5341379642486572266 1.8476421833038330078 0.00026491167955100536346 2.1786674551549367607e-05 0 1.1853080987930297852 2.3460505008697509766 0.90701222419738769531 0.24314935505390167236 0 0 0 0 0 0 0 0 0 0 0 0.06127610430121421814 0.097627244889736175537 0.10814177244901657104 0.095708221197128295898 0.028176449239253997803 0.0019721938297152519226 0.47713008522987365723 1.978298187255859375 0.61991876363754272461 0.15111012756824493408 0.54207503795623779297 1.7092970609664916992 2.0791804790496826172 1.8712612390518188477 1.6084659099578857422 1.7665572166442871094 1.2747464179992675781 0.54199248552322387695 0.49084082245826721191 1.7898077964782714844 0.47302514314651489258 0.036419499665498733521 0 0.0017185473116114735603 0.043447613716125488281 0.079720117151737213135 0.098989970982074737549 0.090825259685516357422 0.019573589786887168884 0 0 0 0 0 0
2.1263556480407714844 1.0989005565643310547 1.2137218713760375977 0.75539511442184448242 0.00010830722021637484431 8.9073237177217379212e-06 0 0.75666785240173339844 1.7129598855972290039 1.6472116708755493164 0.50107264518737792969 0 0 0 0 0 0 0 0 0 0 0 0.58430212736129760742 0.93093067407608032227 1.0311925411224365234 0.91263169050216674805 0.26867827773094177246 0.018805976957082748413 0.46708559989929199219 1.9366513490676879883 0.97815823554992675781 1.0589987039566040039 1.4878008365631103516 1.5079748630523681641 1.2156597375869750977 0.87391942739486694336 0.65760964155197143555 0.72224408388137817383 0.52117085456848144531 0.221589699387550354 0.51818227767944335938 1.8884547948837280273 0.46091949939727783203 0.014889848418533802032 0 0.016387315467000007629 0.41429743170738220215 0.76017618179321289063 0.94392502307891845703 0.86606997251510620117 0.1866451948881149292 0 0 0 0 0 0
1.38738250732421875 1.0450967550277709961 0.4808330535888671875 0.1295197606086730957 0 0 0.043873932212591171265 0.59303510189056396484 1.3822028636932373047 1.8140566349029541016 0.56360137462615966797 0 0 0 0 0 0.057230979204177856445 0.26265382766723632813 0.077926367521286010742 0 0 0 0.78472286462783813477 1.2502480745315551758 1.3849445581436157227 1.2258603572845458984 0.55468916893005371094 0.29902926087379455566 0.71714502573013305664 2.0795016288757324219 1.5751603841781616211 1.7873598337173461914 1.9806374311447143555 1.3670362234115600586 0.74049979448318481445 0.42882961034774780273 0.32481789588928222656 0.32331380248069763184 0.20970328152179718018 0.3174782097339630127 0.7866337895393371582 1.6618033647537231445 0.38434749841690063477 0.096844293177127838135 0.2051496654748916626 0.28150850534439086914 0.81109464168548583984 1.1384797096252441406 1.3339155912399291992 1.3929412364959716797 0.48379081487655639648 0.21539631485939025879 0.20273132622241973877 0.21081279218196868896 0.2311963886022567749 0.25501093268394470215 0.27887338399887084961
0.62406212091445922852 1.223111271858215332 1.0654822587966918945 0.54948937892913818359 0 0 0.18613573908805847168 1.0236852169036865234 1.7294331789016723633 0.69514638185501098633 0.18795512616634368896 0 0 0 0 0 0.24280321598052978516 1.1143124103546142578 0.33060368895530700684 0 0 0 0.26169681549072265625 0.41694459319114685059 0.4620361626148223877 0.40954658389091491699 0.94275468587875366211 1.1699070930480957031 1.5504910945892333984 2.6360890865325927734 2.7075912952423095703 2.1131279468536376953 1.457863926887512207 1.361508488655090332 1.1362444162368774414 1.2221723794937133789 1.3780442476272583008 1.371663212776184082 0.88966906070709228516 1.3469055891036987305 1.5957778692245483398 0.70566570758819580078 0.16320875287055969238 0.4108632206916809082 0.87035018205642700195 1.1082726716995239258 1.2660793066024780273 0.83920198678970336914 0.70368665456771850586 1.3628315925598144531 1.0726292133331298828 0.91382181644439697266 0.86009037494659423828 0.8943760991096496582 0.98085379600524902344 1.081887364387512207 1.1831240653991699219
0.3678143918514251709 0.9676386713981628418 1.3534308671951293945 0.94322961568832397461 0.1520926356315612793 0.012508291751146316528 0.26626932621002197266 1.1413481235504150391 1.7084500789642333984 0.1214551776647567749 0 0 0.040546022355556488037 0.19324941933155059814 0.059924725443124771118 0 0.26640501618385314941 1.2226296663284301758 0.94241935014724731445 0.78038114309310913086 0.76057475805282592773 0.81342142820358276367 0.71917963027954101563 0.58641469478607177734 0.37082314491271972656 0.0095605142414569854736 0.82286107540130615234 1.162108302116394043 1.4828948974609375 2.3537809848785400391 2.7051565647125244141 1.8316543102264404297 0.86583054065704345703 0.98340487480163574219 0.96568226814270019531 1.1718577146530151367 1.3787845373153686523 1.374781489372253418 1.0510307550430297852 1.7931292057037353516 2.0503673553466796875 0.59640902280807495117 0.52582365274429321289 0.78150188922882080078 1.0508581399917602539 1.1015245914459228516 1.0811046361923217773 0.49900272488594055176 0.28107306361198425293 0.99049651622772216797 1.2816976308822631836 1.3251802921295166016 1.3128206729888916016 1.3374572992324829102 1.0731651782989501953 1.0824685096740722656 1.1837596893310546875
0.61935269832611083984 0.2780691981315612793 1.3442615270614624023 1.3107036352157592773 0.45649188756942749023 0.037542473524808883667 0.28418725728988647461 0.94558358192443847656 1.3187358379364013672 0.093750052154064178467 0 0 0.12169510871171951294 0.58002012968063354492 0.17985847592353820801 0 0.12780851125717163086 0.58655983209609985352 1.9138786792755126953 2.3422412872314453125 2.2827942371368408203 2.4414086341857910156 2.1585507392883300781 1.7600690126419067383 1.1124755144119262695 0.026487814262509346008 0.19429370760917663574 0.27439665794372558594 0.5130888819694519043 1.2313971519470214844 1.5662595033645629883 0.94208490848541259766 0.20443964004516601563 0.23220126330852508545 0.22801660001277923584 0.27669867873191833496 0.32555818557739257813 0.33119833469390869141 0.69305872917175292969 1.6553286314010620117 2.1499032974243164063 1.3352246284484863281 1.4730134010314941406 1.2088398933410644531 0.74599158763885498047 0.26009163260459899902 0.25527009367942810059 0.11782437562942504883 0.066366888582706451416 0.27545464038848876953 1.1104619503021240234 1.4490679502487182617 1.5606343746185302734 1.5397180318832397461 0.50720584392547607422 0.25559213757514953613 0.27950897812843322754
1.0942307710647583008 0.10190261155366897583 1.3843263387680053711 1.3509614467620849609 0.34027567505836486816 0.027984702959656715393 0.17905849218368530273 0.88926905393600463867 1.3743033409118652344 0.097700402140617370605 0 0.23303329944610595703 0.58473491668701171875 0.82500475645065307617 0.24811312556266784668 0 0.078893981873989105225 0.3620732426643371582 1.8660532236099243164 2.0903329849243164063 1.7016279697418212891 1.8198614120483398438 1.6090149879455566406 1.3119809627532958984 0.82922255992889404297 0.019603917375206947327 0 0.00056375283747911453247 0.31788614392280578613 1.3143894672393798828 0.94856423139572143555 0.41229480504989624023 0 0 0 0 0 0.0053279520943760871887 0.35994389653205871582 0.99671369791030883789 1.4673144817352294922 1.4036427736282348633 1.2499361038208007813 0.86417502164840698242 0.40280288457870483398 0 0 0 0 0.033639956265687942505 0.65358382463455200195 0.9192307591438293457 1.1501969099044799805 1.4355019330978393555 0.37404578924179077148 0.042812261730432510376 0
1.6690307855606079102 0.15543210506439208984 1.4464185237884521484 1.2448228597640991211 0.03587643057107925415 0.0029505232814699411392 0.018878752365708351135 0.89534437656402587891 1.6290897130966186523 0.11581337451934814453 0 0.57032549381256103516 1.2186323404312133789 1.0065543651580810547 0.2932465970516204834 0 0.070103108882904052734 0.32172870635986328125 1.3622007369995117188 1.026945948600769043 0.17940847575664520264 0.19187423586845397949 0.16964396834373474121 0.13832665979862213135 0.087427780032157897949 0.0020669081714004278183 0 0.0013797283172607421875 0.46924033761024475098 1.9366662502288818359 0.56405431032180786133 0.043469656258821487427 0 0 0 0 0 0.00056174426572397351265 0.037950120866298675537 0.10508694499731063843 0.43480357527732849121 1.1721255779266357422 0.50328207015991210938 0.17411653697490692139 0.042468890547752380371 0 0 0 0 0.0035467760171741247177 0.068909585475921630859 0.09691765904426574707 0.44525820016860961914 1.1941683292388916016 0.43451985716819763184 0.10477869957685470581 0
1.7126609086990356445 0.15949526429176330566 1.3889229297637939453 1.1773716211318969727 0 0 0 0.88405513763427734375 1.6368900537490844727 0.11636791378259658813 0.94369643926620483398 1.3711949586868286133 1.2136908769607543945 0.55949670076370239258 0.15295358002185821533 0 0.03538262099027633667 0.16238375008106231689 1.5313221216201782227 1.1062662601470947266 0 0 0 0 0 0 0 0.014020947739481925964 0.47881606221199035645 1.8946511745452880859 0.48890915513038635254 0 0 0 0 0 0 0 0 0.57632339000701904297 1.0939050912857055664 1.0129179954528808594 0.31137099862098693848 0.04753391072154045105 0 0 0 0 0 0 0 0.22587092220783233643 0.4759896397590637207 0.59719383716583251953 0.22625327110290527344 0.057418968528509140015 0
1.7146841287612915039 0.27234575152397155762 1.3348660469055175781 1.0973428487777709961 0 0 0 0.87881582975387573242 1.6413006782531738281 0.1856899559497833252 1.9111168384552001953 2.1080529689788818359 1.0841745138168334961 0.06468852609395980835 0 0.017478525638580322266 0.048265680670738220215 0.084281906485557556152 1.7384703159332275391 1.2783808708190917969 0 0 0 0 0 0 0.058787472546100616455 0.092707239091396331787 0.49094784259796142578 1.7019634246826171875 0.43901330232620239258 0 0 0.00010709709749789908528 0.055166348814964294434 0.062349516898393630981 0.052963394671678543091 0.056471265852451324463 0.068166643381118774414 1.1925501823425292969 1.8704587221145629883 0.83887147903442382813 0.19401703774929046631 0 0 0 0 0 0.018965128809213638306 0.063530519604682922363 0.022322375327348709106 0.49683007597923278809 0.63245272636413574219 0 0 0 0
2.0874354839324951172 1.8422566652297973633 1.5259718894958496094 0.79323679208755493164 0 0 0 0.97926062345504760742 2.019573211669921875 1.1529308557510375977 1.5860781669616699219 1.2546126842498779297 0.45942264795303344727 0.027411984279751777649 0 0.25565090775489807129 0.70596146583557128906 1.2327553033828735352 1.2904628515243530273 0.69443082809448242188 0 0 0 0 0 0 0.85985916852951049805 0.98536717891693115234 0.77453362941741943359 0.72745084762573242188 0.18603338301181793213 0 0 0.0015664632664993405342 0.80689454078674316406 0.91195964813232421875 0.77467286586761474609 0.82598096132278442383 0.9970442652702331543 1.3403673171997070313 1.2762897014617919922 0.35547465085983276367 0.082215376198291778564 0 0 0 0 0 0.27739480137825012207 0.92923361063003540039 0.32649981975555419922 0.95605641603469848633 1.1354050636291503906 0 0 0 0
2.0660076141357421875 2.8290860652923583984 1.770773768424987793 0.78015810251235961914 0.18929314613342285156 0.2022514641284942627 0.21073792874813079834 1.1998094320297241211 2.3444151878356933594 1.8580952882766723633 1.491824030876159668 0.86375653743743896484 0.27892205119132995605 0.32640802860260009766 0.16754376888275146484 0.64622139930725097656 1.419963836669921875 1.86810302734375 0.84299457073211669922 0.22623963654041290283 0 0 0 0 0.039109840989112854004 0.16743992269039154053 1.3557190895080566406 1.4529377222061157227 0.83924388885498046875 0.0092415120452642440796 0 0 0.034723039716482162476 0.14183443784713745117 1.3686264753341674805 1.4255309104919433594 1.114407658576965332 1.1882171630859375 1.4343006610870361328 1.2370598316192626953 0.71655368804931640625 0 0 0.032243311405181884766 0.044219810515642166138 0 0 0.020180968567728996277 0.52323752641677856445 1.6770784854888916016 0.85780376195907592773 1.2867372035980224609 1.2850313186645507813 0 0 0 0.015072399750351905823
0.94922029972076416016 2.1956286430358886719 2.1647880077362060547 1.5757962465286254883 0.90460062026977539063 0.96652626991271972656 1.0070817470550537109 1.7541075944900512695 2.5207829475402832031 1.8349930047988891602 2.0388810634613037109 1.7583451271057128906 1.3329223394393920898 1.5598499774932861328 0.80066388845443725586 1.4602811336517333984 2.2904331684112548828 1.0775594711303710938 0.39702516794204711914 0.079722978174686431885 0 0 0 0 0.18689946830272674561 0.80016767978668212891 1.0034462213516235352 0.73925495147705078125 0.29573518037796020508 0.0032565509900450706482 0 0 0.16593566536903381348 0.66782855987548828125 1.4023902416229248047 1.0053060054779052734 0.39269822835922241211 0.41870740056037902832 0.50542300939559936523 0.43591874837875366211 0.25250127911567687988 0 0 0.15408544242382049561 0.21131916344165802002 0 0 0.096441507339477539063 0.73410320281982421875 2.0974147319793701172 2.0202546119689941406 1.2602107524871826172 0.45282307267189025879 0 0 0 0.072028502821922302246
0.48157787322998046875 1.8919674158096313477 1.9537698030471801758 1.5024435520172119141 0.96772265434265136719 1.0339694023132324219 1.0773547887802124023 1.5375922918319702148 1.9572243690490722656 1.3630998134613037109 1.7476447820663452148 1.6792538166046142578 1.5270032882690429688 2.1504168510437011719 1.6829431056976318359 1.9450409412384033203 2.0674185752868652344 0.48423483967781066895 0.11545760184526443481 0 0 0 0.00042940289131365716457 0.00031010291422717273235 0.19994109869003295898 0.85600250959396362305 1.0452507734298706055 0.5687351226806640625 0 0 0 0.44183310866355895996 0.90994131565093994141 0.9709326624870300293 1.126094818115234375 0.58090507984161376953 0 0.003252179361879825592 0.21970959007740020752 0.22134332358837127686 0.11641765385866165161 0 0 0.3976433873176574707 0.59604889154434204102 0.18728119134902954102 0.31446415185928344727 0.43545290827751159668 0.85978418588638305664 1.7690036296844482422 2.5505423545837402344 1.3290565013885498047 0.093808397650718688965 0 0 0 0.20112255215644836426
0.78873574733734130859 1.9819408655166625977 1.0206025838851928711 0.39188870787620544434 0.25241518020629882813 0.26969459652900695801 0.28101098537445068359 0.40105667710304260254 0.51051110029220581055 0.35554307699203491211 0.45584556460380554199 0.43800687789916992188 0.69470953941345214844 1.9736670255661010742 2.8626115322113037109 2.0367584228515625 0.53925353288650512695 0.12630501389503479004 0.030115293338894844055 0 0 0 0.0013713284861296415329 0.0009903355967253446579 0.052151482552289962769 0.22327473759651184082 1.5574147701263427734 1.0465186834335327148 0 0 0 1.4110252857208251953 2.3853588104248046875 1.0080018043518066406 0.47972193360328674316 0.15151992440223693848 0 0.010386065579950809479 0.70165812969207763672 0.70687556266784667969 0.37178802490234375 0 0 0.78647780418395996094 1.2405358552932739258 0.59809577465057373047 1.0042635202407836914 1.0880761146545410156 0.88379132747650146484 0.54690986871719360352 2.3262982368469238281 1.5117354393005371094 0.29958376288414001465 0 0 0 0.41631832718849182129
2.0639791488647460938 1.7745723724365234375 0.56674581766128540039 0 0 0 0 0 0 0 0 0 0.25754112005233764648 1.2274858951568603516 2.1057906150817871094 1.3288466930389404297 0 0 0 0 0.14676868915557861328 0.64995205402374267578 0.99673348665237426758 0.58671748638153076172 0 0 1.6591705083847045898 1.1732277870178222656 0.16657446324825286865 0.60454612970352172852 0.56580394506454467773 1.9937863349914550781 2.7596218585968017578 0.65576672554016113281 0.16160494089126586914 0.045263200998306274414 0.21351337432861328125 0.57822179794311523438 1.1965223550796508789 0.88215297460556030273 0.31690654158592224121 0.075595922768115997314 0.082367077469825744629 1.2175006866455078125 1.8766363859176635742 0.93841463327407836914 0.90435922145843505859 0.92170321941375732422 0.87488061189651489258 0.77022469043731689453 2.0399901866912841797 1.2710000276565551758 0.23903498053550720215 0 0 0 0.31613999605178833008
