results/CR_RiosDensity.asc
ncols        411
nrows        381
xllcorner    -85.974999999997
yllcorner    8.041666666663
cellsize     0.008333333333
NODATA_value nan
[rows 150 to 174 of 381, columns 342 to 398 of 411]
0.16861854493618011475 0.026623951271176338196 0.029343012720346450806 0 0 0.078482948243618011475 0.58088403940200805664 1.3960915803909301758 1.3884007930755615234 0.56035369634628295898 0.33009946346282958984 0.7368748784065246582 0.10817553848028182983 nan nan nan nan nan nan nan nan nan nan nan nan nan nan nan nan nan nan nan nan nan nan nan nan nan nan nan nan nan nan nan nan nan nan nan nan nan nan nan nan nan nan nan nan
0.26005420088768005371 0.0065344665199518203735 0.0072018210776150226593 0 0 0.24081012606620788574 1.0606732368469238281 2.1710381507873535156 1.5624189376831054688 0.56667464971542358398 0.081018172204494476318 0.18085534870624542236 0.026550130918622016907 nan nan nan nan nan nan nan nan nan nan nan nan nan nan nan nan nan nan nan nan nan nan nan nan nan nan nan nan nan nan nan nan nan nan nan nan nan nan nan nan nan nan nan nan
0.73988199234008789063 0.55327028036117553711 0.5494416356086730957 0.59373718500137329102 0.668224334716796875 0.74387353658676147461 1.0712953805923461914 1.5191963911056518555 1.0150667428970336914 0.3565731346607208252 0 0 0 0.25969472527503967285 nan nan nan nan nan nan nan nan nan nan nan nan nan nan nan nan nan nan nan nan nan nan nan nan nan nan nan nan nan nan nan nan nan nan nan nan nan nan nan nan nan nan nan
1.4069420099258422852 1.3732554912567138672 1.3637524843215942383 1.4736971855163574219 1.6585794687271118164 1.4111956357955932617 0.85574620962142944336 0.17954321205615997314 0.11996365338563919067 0.042140886187553405762 0 0 0 0.64458048343658447266 0.75659501552581787109 nan nan nan nan nan nan nan nan nan nan nan nan nan nan nan nan nan nan nan nan nan nan nan nan nan nan nan nan nan nan nan nan nan nan nan nan nan nan nan nan nan nan
0.82765883207321166992 0.77306270599365234375 0.76771301031112670898 0.82960546016693115234 0.93368333578109741211 0.86544954776763916016 0.74235594272613525391 0.63337600231170654297 0.68977969884872436523 0.8963565826416015625 0.91650819778442382813 0.72515982389450073242 0.65126508474349975586 1.0465788841247558594 1.4985593557357788086 1.6043516397476196289 nan nan nan nan nan nan nan nan nan nan nan nan nan nan nan nan nan nan nan nan nan nan nan nan nan nan nan nan nan nan nan nan nan nan nan nan nan nan nan nan nan
0.097176380455493927002 0.023806542158126831055 0.042935632169246673584 0.047751754522323608398 0.04378933832049369812 0.21792742609977722168 0.66879898309707641602 1.2980325222015380859 1.4444571733474731445 1.868531346321105957 1.9056770801544189453 1.5122216939926147461 1.3635507822036743164 1.4290614128112792969 2.2150716781616210938 2.9963788986206054688 nan nan nan nan nan nan nan nan nan nan nan nan nan nan nan nan nan nan nan nan nan nan nan nan nan nan nan nan nan nan nan nan nan nan nan nan nan nan nan nan nan
0.053542938083410263062 0.4398326575756072998 0.79324811697006225586 0.88222736120223999023 0.80902051925659179688 0.98667544126510620117 0.99102449417114257813 0.86307644844055175781 1.5095559358596801758 1.804318547248840332 1.7550554275512695313 1.4701385498046875 1.4205850362777709961 1.4463819265365600586 1.7723265886306762695 2.0687401294708251953 0.82612931728363037109 nan nan nan nan nan nan nan nan nan nan nan nan nan nan nan nan nan nan nan nan nan nan nan nan nan nan nan nan nan nan nan nan nan nan nan nan nan nan nan nan
0.23397232592105865479 0.91525059938430786133 1.3813388347625732422 1.3020194768905639648 1.1939785480499267578 1.3495087623596191406 1.2021707296371459961 0.8107191920280456543 1.4089035987854003906 1.5194694995880126953 1.4163156747817993164 1.2409026622772216797 1.2624135017395019531 1.2589204311370849609 1.3130583763122558594 1.381049036979675293 1.2086390256881713867 0.60128188133239746094 nan nan nan nan nan nan nan nan nan nan nan nan nan nan nan nan nan nan nan nan nan nan nan nan nan nan nan nan nan nan nan nan nan nan nan nan nan nan nan
1.0921108722686767578 1.5703072547912597656 1.4787675142288208008 0.46754387021064758301 0.42874732613563537598 0.4845969080924987793 1.0773426294326782227 1.9155852794647216797 0.80691361427307128906 0.56727576255798339844 0.50858670473098754883 0.44559738039970397949 0.45332172513008117676 0.45206740498542785645 0.80381417274475097656 1.4191132783889770508 1.5813577175140380859 1.432085871696472168 0.98867648839950561523 nan nan nan nan nan nan nan nan nan nan nan nan nan nan nan nan nan nan nan nan nan nan nan nan nan nan nan nan nan nan nan nan nan nan nan nan nan nan
1.3630776405334472656 1.5385955572128295898 1.1835891008377075195 0.073478147387504577637 0.63544309139251708984 0.64413112401962280273 1.2069534063339233398 2.1014049053192138672 0.38404089212417602539 0.025565035641193389893 0 0 0 0.44250944256782531738 0.92223161458969116211 1.2904170751571655273 1.3824408054351806641 1.4362652301788330078 1.2058451175689697266 0.69703316688537597656 nan nan nan nan nan nan nan nan nan nan nan nan nan nan nan nan nan nan nan nan nan nan nan nan nan nan nan nan nan nan nan nan nan nan nan nan nan
0.88587069511413574219 0.63180446624755859375 0.38815125823020935059 0.24058204889297485352 2.0805668830871582031 2.1090133190155029297 1.6607699394226074219 1.116176605224609375 0.18939919769763946533 0.0068913246504962444305 0 0 0 1.4488638639450073242 1.8404146432876586914 0.94923484325408935547 0.45514678955078125 0.38716042041778564453 0.69067788124084472656 1.0228376388549804688 nan nan nan nan nan nan nan nan nan nan nan nan nan nan nan nan nan nan nan nan nan nan nan nan nan nan nan nan nan nan nan nan nan nan nan nan nan
0.56055206060409545898 0.21626508235931396484 0.33824184536933898926 0.87691235542297363281 2.0220487117767333984 1.8239504098892211914 1.1904852390289306641 0.49005788564682006836 0.076556436717510223389 0 0.20038175582885742188 0.53689730167388916016 0.46565037965774536133 1.9118231534957885742 2.0584397315979003906 0.72747784852981567383 0.099791459739208221436 0 0.39822924137115478516 0.99190306663513183594 0.76426607370376586914 nan nan nan nan nan nan nan nan nan nan nan nan nan nan nan nan nan nan nan nan nan nan nan nan nan nan nan nan nan nan nan nan nan nan nan nan
0.32407039403915405273 0.088050760328769683838 0.72437977790832519531 1.7876855134963989258 1.084074854850769043 0.51537317037582397461 0.17970897257328033447 0.073976382613182067871 0.011556529439985752106 0 0.51796352863311767578 1.3878170251846313477 1.2036520242691040039 2.0569593906402587891 1.8669534921646118164 0.57557076215744018555 0.078953668475151062012 0 0.23604503273963928223 0.75231748819351196289 1.5152984857559204102 0.581233978271484375 nan nan nan nan nan nan nan nan nan nan nan nan nan nan nan nan nan nan nan nan nan nan nan nan nan nan nan nan nan nan nan nan nan nan nan
0.22297801077365875244 0.035592056810855865479 0.43254297971725463867 1.0633765459060668945 0.5003274083137512207 0.15420222282409667969 0.22282648086547851563 0.74236434698104858398 1.5491248369216918945 1.2194364070892333984 0.94063210487365722656 0.94914710521697998047 0.74417406320571899414 1.7217689752578735352 1.6461502313613891602 0.4366957545280456543 0.059903550893068313599 0.25009867548942565918 0.77128708362579345703 1.3543062210083007813 1.2614831924438476563 0.87227910757064819336 0.48873057961463928223 nan nan nan nan nan nan nan nan nan nan nan nan nan nan nan nan nan nan nan nan nan nan nan nan nan nan nan nan nan nan nan nan nan nan
0.15324248373508453369 0 0 6.0000961639161687344e-06 5.1889164751628413796e-05 0.0084269158542156219482 0.50005990266799926758 1.6345951557159423828 3.4021756649017333984 2.6730000972747802734 1.3721636533737182617 0.23947624862194061279 0.035155862569808959961 1.279406428337097168 1.4118583202362060547 0.30021953582763671875 0.041182484477758407593 0.55176883935928344727 1.442852020263671875 2.111904144287109375 0.79079282283782958984 1.1446526050567626953 1.070492863655090332 nan nan nan nan nan nan nan nan nan nan nan nan nan nan nan nan nan nan nan nan nan nan nan nan nan nan nan nan nan nan nan nan nan nan
0.23607496917247772217 0 0 0.00045201092143543064594 0.0039090155623853206635 0.63483285903930664063 1.2336671352386474609 1.7449707984924316406 2.9778578281402587891 1.9586470127105712891 0.78722178936004638672 0.10608569532632827759 0.015573712065815925598 0.59455418586730957031 0.65329861640930175781 0.13299438357353210449 0.018243446946144104004 0.66940540075302124023 1.051975250244140625 0.93555337190628051758 0.35031366348266601563 0.50707018375396728516 0.72452032566070556641 0.81185537576675415039 nan nan nan nan nan nan nan nan nan nan nan nan nan nan nan nan nan nan nan nan nan nan nan nan nan nan nan nan nan nan nan nan nan
0.26942992210388183594 0 0 0.023787178099155426025 0.20571282505989074707 1.1142640113830566406 1.6290264129638671875 1.6253380775451660156 2.3415806293487548828 1.5945318937301635742 0.65947121381759643555 0 0 0.044244091957807540894 0.044354815036058425903 0 0 0.67661672830581665039 0.65723818540573120117 0 0 0.055108632892370223999 0.46181330084800720215 1.0242638587951660156 0.95684981346130371094 nan nan nan nan nan nan nan nan nan nan nan nan nan nan nan nan nan nan nan nan nan nan nan nan nan nan nan nan nan nan nan nan
0.11055316776037216187 0 0 0.13605199754238128662 1.1765851974487304688 1.0226640701293945313 0.71021419763565063477 0.61207014322280883789 0.88179290294647216797 2.5911712646484375 2.308013916015625 0 0 0.0166614484041929245 0.016703143715858459473 0 0 0.25480043888092041016 0.24750289320945739746 0 0 0.32432699203491210938 0.5226116180419921875 0.54066115617752075195 0.49252498149871826172 0.16892306506633758545 nan nan nan nan nan nan nan nan nan nan nan nan nan nan nan nan nan nan nan nan nan nan nan nan nan nan nan nan nan nan nan
0.011390553787350654602 0 0.068183667957782745361 0.36553969979286193848 1.6537368297576904297 0.8708464503288269043 0.12122645974159240723 0 0 2.7467706203460693359 2.8419327735900878906 0 0 0 0 0 0 0 0 0 0 0.38035431504249572754 0.58382892608642578125 0.55477672815322875977 0.46911421418190002441 0.85474056005477905273 0.80338567495346069336 nan nan nan nan nan nan nan nan nan nan nan nan nan nan nan nan nan nan nan nan nan nan nan nan nan nan nan nan nan nan
0.0033282125368714332581 0 0.24038881063461303711 0.7738634943962097168 1.3776646852493286133 0.62716007232666015625 0.035421233624219894409 0 0 1.6192735433578491211 1.6753733158111572266 0 0 0 0 0 0 0 0 0 0 0.11113595962524414063 0.64568549394607543945 1.3282147645950317383 1.1183649301528930664 2.831638336181640625 2.8324220180511474609 nan nan nan nan nan nan nan nan nan nan nan nan nan nan nan nan nan nan nan nan nan nan nan nan nan nan nan nan nan nan
0 0 0.21035958826541900635 0.63647705316543579102 0.85345464944839477539 0.355621337890625 0 0 0 0.77925413846969604492 0.80625146627426147461 0 0 0 0 0 0 0.11895822733640670776 0.11555122584104537964 0.019663723185658454895 0.12707470357418060303 0.051007010042667388916 0.45331683754920959473 1.1605352163314819336 1.2282767295837402344 2.7514340877532958984 2.9424574375152587891 1.7817523479461669922 nan nan nan nan nan nan nan nan nan nan nan nan nan nan nan nan nan nan nan nan nan nan nan nan nan nan nan nan nan
0 0 0.038154441863298416138 0.11544245481491088867 0.1547972559928894043 0.064501613378524780273 0 0 0 0.1413389742374420166 0.14623567461967468262 0 0 0 0 0 0 0.32154712080955505371 0.3123379051685333252 0.053151547908782958984 0.3434861302375793457 0.13787324726581573486 0.082221359014511108398 0.33122596144676208496 0.95901954174041748047 1.2250348329544067383 1.7033863067626953125 2.0771777629852294922 1.1875015497207641602 nan nan nan nan nan nan nan nan nan nan nan nan nan nan nan nan nan nan nan nan nan nan nan nan nan nan nan nan
0 0 0.05401671677827835083 0.16682238876819610596 0.24843519926071166992 0.10497003048658370972 0 0 0 0 0 0 0 0 0 0.061271671205759048462 0.42171335220336914063 0.622821807861328125 0.75651270151138305664 0.85163927078247070313 0.93328481912612915039 0.83907836675643920898 0.96996629238128662109 1.2525638341903686523 1.2113542556762695313 0.72640949487686157227 1.1959728002548217773 2.0983936786651611328 1.3209854364395141602 0.5857684016227722168 nan nan nan nan nan nan nan nan nan nan nan nan nan nan nan nan nan nan nan nan nan nan nan nan nan nan nan
0 0 0.12340804189443588257 0.38112694025039672852 0.56758171319961547852 0.23981736600399017334 0 0 0 0 0 0 0 0 0 0.13998290896415710449 0.96345770359039306641 0.95218515396118164063 1.2711007595062255859 1.86786651611328125 1.6293594837188720703 1.7151409387588500977 2.21601104736328125 2.6721830368041992188 1.6121480464935302734 0.52031624317169189453 0.89680874347686767578 2.0415625572204589844 1.312483668327331543 0.80475264787673950195 nan nan nan nan nan nan nan nan nan nan nan nan nan nan nan nan nan nan nan nan nan nan nan nan nan nan nan
0.070284575223922729492 0 0.058224335312843322754 0.22645989060401916504 0.67115741968154907227 0.77048313617706298828 0.7897351384162902832 0.82591784000396728516 0.92762649059295654297 0.36613830924034118652 0 0 0 0 0 0.066044412553310394287 0.45456263422966003418 1.0163030624389648438 1.5254703760147094727 1.8963811397552490234 2.0131514072418212891 2.1181404590606689453 1.8476953506469726563 1.259578704833984375 0.75350451469421386719 1.088591456413269043 1.5936808586120605469 1.8425019979476928711 0.98928022384643554688 1.2191921472549438477 0.81250989437103271484 nan nan nan nan nan nan nan nan nan nan nan nan nan nan nan nan nan nan nan nan nan nan nan nan nan nan
