results/CR_RoadDensity.asc
ncols        411
nrows        381
xllcorner    -85.974999999997
yllcorner    8.041666666663
cellsize     0.008333333333
NODATA_value  nan
[rows 126 to 146 of 381, columns 336 to 383 of 411]
492.9168701171875 482.934722900390625 472.85870361328125 462.6873779296875 452.419281005859375 442.052886962890625 431.586578369140625 421.018829345703125 410.34796142578125 399.572296142578125 388.690155029296875 377.699737548828125 366.599273681640625 355.386932373046875 344.060821533203125 334.186920166015625 334.186920166015625 334.186920166015625 334.186920166015625 334.186920166015625 334.186920166015625 334.186920166015625 334.186920166015625 334.186920166015625 334.186920166015625 334.186920166015625 334.186920166015625 334.186920166015625 334.186920166015625 334.186920166015625 334.186920166015625 334.186920166015625 334.186920166015625 334.186920166015625 334.186920166015625 nan nan nan nan nan nan nan nan nan nan nan nan nan
498.6778564453125 488.206573486328125 477.6539306640625 467.018890380859375 456.30035400390625 445.4971923828125 434.608245849609375 423.63238525390625 412.56842041015625 401.41510009765625 390.171234130859375 378.83551025390625 367.406646728515625 355.883331298828125 344.264190673828125 334.186920166015625 334.186920166015625 334.186920166015625 334.186920166015625 334.186920166015625 334.186920166015625 334.186920166015625 334.186920166015625 334.186920166015625 334.186920166015625 334.186920166015625 334.186920166015625 334.186920166015625 334.186920166015625 334.186920166015625 334.186920166015625 334.186920166015625 334.186920166015625 334.186920166015625 334.186920166015625 nan nan nan nan nan nan nan nan nan nan nan nan nan
504.2315673828125 493.2802734375 482.26116943359375 471.173431396484375 460.016357421875 448.789154052734375 437.49102783203125 426.12115478515625 414.6787109375 403.162872314453125 391.572784423828125 379.9075927734375 368.166351318359375 356.34820556640625 344.452239990234375 334.186920166015625 334.186920166015625 334.186920166015625 334.186920166015625 334.186920166015625 334.186920166015625 334.186920166015625 334.186920166015625 334.186920166015625 334.186920166015625 334.186920166015625 334.186920166015625 334.186920166015625 334.186920166015625 334.186920166015625 334.186920166015625 334.186920166015625 334.186920166015625 334.186920166015625 334.186920166015625 nan nan nan nan nan nan nan nan nan nan nan nan nan
509.588775634765625 498.166595458984375 486.69097900390625 475.16143798828125 463.577392578125 451.93841552734375 440.243988037109375 428.4935302734375 416.686553955078125 404.822479248046875 392.900787353515625 380.9208984375 368.882232666015625 356.784210205078125 344.626251220703125 334.186920166015625 334.186920166015625 334.186920166015625 334.186920166015625 334.186920166015625 334.186920166015625 334.186920166015625 334.186920166015625 334.186920166015625 334.186920166015625 334.186920166015625 334.186920166015625 334.186920166015625 334.186920166015625 334.186920166015625 334.186920166015625 334.186920166015625 334.186920166015625 334.186920166015625 334.186920166015625 nan nan nan nan nan nan nan nan nan nan nan nan nan
514.75946044921875 502.87548828125 490.9532470703125 478.992401123046875 466.992706298828125 454.953826904296875 442.875457763671875 430.75726318359375 418.59893798828125 406.400146484375 394.16058349609375 381.879852294921875 369.557647705078125 357.193634033203125 344.787384033203125 334.186920166015625 334.186920166015625 334.186920166015625 334.186920166015625 334.186920166015625 334.186920166015625 334.186920166015625 334.186920166015625 334.186920166015625 334.186920166015625 334.186920166015625 334.186920166015625 334.186920166015625 334.186920166015625 334.186920166015625 334.186920166015625 334.186920166015625 334.186920166015625 334.186920166015625 334.186920166015625 nan nan nan nan nan nan nan nan nan nan nan nan nan
519.75299072265625 507.41619873046875 495.0570068359375 482.675262451171875 470.27081298828125 457.843475341796875 445.39306640625 432.919403076171875 420.42230224609375 407.901580810546875 395.357025146484375 382.788482666015625 370.195709228515625 357.578521728515625 344.936676025390625 334.186920166015625 334.186920166015625 334.186920166015625 334.186920166015625 334.186920166015625 334.186920166015625 334.186920166015625 334.186920166015625 334.186920166015625 334.186920166015625 334.186920166015625 334.186920166015625 334.186920166015625 334.186920166015625 334.186920166015625 334.186920166015625 334.186920166015625 334.186920166015625 334.186920166015625 334.186920166015625 nan nan nan nan nan nan nan nan nan nan nan nan nan
524.578125 511.79736328125 499.0107421875 486.21820068359375 473.41961669921875 460.614837646484375 447.8038330078125 434.98638916015625 422.1624755859375 409.3319091796875 396.49456787109375 383.650360107421875 370.79913330078125 357.94073486328125 345.0750732421875 334.186920166015625 334.186920166015625 334.186920166015625 334.186920166015625 334.186920166015625 334.186920166015625 334.186920166015625 334.186920166015625 334.186920166015625 334.186920166015625 334.186920166015625 334.186920166015625 334.186920166015625 334.186920166015625 334.186920166015625 334.186920166015625 334.186920166015625 334.186920166015625 334.186920166015625 334.186920166015625 nan nan nan nan nan nan nan nan nan nan nan nan nan
525.1549072265625 512.45562744140625 499.753936767578125 487.049713134765625 474.342926025390625 461.633544921875 448.921539306640625 436.206878662109375 423.489501953125 410.769378662109375 398.046478271484375 385.320770263671875 372.592193603515625 359.8607177734375 347.1263427734375 336.37677001953125 336.289581298828125 336.19927978515625 336.10565185546875 336.008392333984375 335.907257080078125 335.8018798828125 335.69195556640625 335.577056884765625 335.45672607421875 335.330413818359375 335.19757080078125 335.0574951171875 334.909423828125 334.752410888671875 334.585479736328125 334.40740966796875 334.216705322265625 334.011749267578125 333.79046630859375 nan nan nan nan nan nan nan nan nan nan nan nan nan
522.197998046875 509.99322509765625 497.78594970703125 485.576202392578125 473.363861083984375 461.148956298828125 448.931427001953125 436.711212158203125 424.488311767578125 412.262664794921875 400.03424072265625 387.803009033203125 375.56890869140625 363.331939697265625 351.092041015625 340.77099609375 340.52923583984375 340.276611328125 340.012237548828125 339.735260009765625 339.444580078125 339.13909912109375 338.8175048828125 338.478363037109375 338.12005615234375 337.740753173828125 337.33837890625 336.910552978515625 336.45458984375 335.967376708984375 335.44537353515625 334.8843994140625 334.27960205078125 333.62530517578125 332.914794921875 nan nan nan nan nan nan nan nan nan nan nan nan nan
519.24371337890625 507.53338623046875 495.820587158203125 484.105316162109375 472.387481689453125 460.66705322265625 448.944000244140625 437.218292236328125 425.4898681640625 413.75872802734375 402.024810791015625 390.2880859375 378.548492431640625 366.8060302734375 355.060638427734375 345.16339111328125 344.761260986328125 344.34063720703125 343.900146484375 343.438262939453125 342.9532470703125 342.443206787109375 341.90606689453125 341.339447021484375 340.740692138671875 340.1068115234375 339.434478759765625 338.719879150390625 337.95867919921875 337.14593505859375 336.275970458984375 335.342254638671875 334.33721923828125 333.251983642578125 332.076171875 nan nan nan nan nan nan nan nan nan nan nan nan nan
516.29193115234375 505.07611083984375 493.85784912109375 482.637054443359375 471.413726806640625 460.187835693359375 448.95928955078125 437.72808837890625 426.49420166015625 415.257598876953125 404.0181884765625 392.7760009765625 381.53094482421875 370.28302001953125 359.03216552734375 349.55389404296875 348.985565185546875 348.391387939453125 347.7694091796875 347.117523193359375 346.4334716796875 345.71466064453125 344.958251953125 344.161041259765625 343.31951904296875 342.42974853515625 341.487213134765625 340.486907958984375 339.423187255859375 338.28955078125 337.078643798828125 335.781982421875 334.38983154296875 332.89093017578125 331.272125244140625 nan nan nan nan nan nan nan nan nan nan nan nan nan
513.34271240234375 502.6214599609375 491.897705078125 481.17144775390625 470.442657470703125 459.711273193359375 448.977294921875 438.240631103515625 427.501312255859375 416.759246826171875 406.014404296875 395.266754150390625 384.516265869140625 373.762908935546875 363.006622314453125 353.94244384765625 353.202178955078125 352.428863525390625 351.620086669921875 350.773284912109375 349.885589599609375 348.953857421875 347.974578857421875 346.943878173828125 345.85748291015625 344.7105712890625 343.497772216796875 342.2130126953125 340.84954833984375 339.399627685546875 337.854583740234375 336.20440673828125 334.437744140625 332.541473388671875 330.50042724609375 nan nan nan nan nan nan nan nan nan nan nan nan nan
510.39605712890625 500.169342041015625 489.940155029296875 479.708465576171875 469.474212646484375 459.237396240234375 448.99798583984375 438.75592041015625 428.511138916015625 418.263641357421875 408.013397216796875 397.760345458984375 387.504425048828125 377.24566650390625 366.98394775390625 358.329010009765625 357.41107177734375 356.45306396484375 355.4522705078125 354.4056396484375 353.309814453125 352.161163330078125 350.955596923828125 349.688690185546875 348.355438232421875 346.95037841796875 345.46734619140625 343.89947509765625 342.239105224609375 340.4775390625 338.605010986328125 336.610443115234375 334.481201171875 332.202911376953125 329.758941650390625 nan nan nan nan nan nan nan nan nan nan nan nan nan
507.45196533203125 497.719818115234375 487.985198974609375 478.248077392578125 468.508453369140625 458.766204833984375 449.021392822265625 439.273895263671875 429.52374267578125 419.770843505859375 410.01519775390625 400.256744384765625 390.495452880859375 380.731292724609375 370.964202880859375 362.713531494140625 361.612152099609375 360.46405029296875 359.26605224609375 358.0147705078125 356.70648193359375 355.337005615234375 353.901885986328125 352.396148681640625 350.814239501953125 349.150146484375 347.3970947265625 345.54754638671875 343.5931396484375 341.52447509765625 339.33099365234375 337.000823974609375 334.52044677734375 331.874603271484375 329.04583740234375 nan nan nan nan nan nan nan nan nan nan nan nan nan
504.510406494140625 495.272857666015625 486.0328369140625 476.79034423828125 467.545318603515625 458.297698974609375 449.0474853515625 439.79461669921875 430.5390625 421.28082275390625 412.019775390625 402.7559814453125 393.48931884765625 384.21978759765625 374.947357177734375 367.095977783203125 365.805450439453125 364.461761474609375 363.061492919921875 361.600860595703125 360.0758056640625 358.4818115234375 356.81396484375 355.066925048828125 353.2347412109375 351.310882568359375 349.288116455078125 347.158416748046875 344.91290283203125 342.54168701171875 340.033599853515625 337.37628173828125 334.555694580078125 331.5560302734375 328.359344482421875 nan nan nan nan nan nan nan nan nan nan nan nan nan
501.571380615234375 492.828460693359375 484.08306884765625 475.335205078125 466.584808349609375 457.83184814453125 449.076263427734375 440.31805419921875 431.557159423828125 422.793548583984375 414.027191162109375 405.258026123046875 396.48602294921875 387.711151123046875 378.93341064453125 371.47625732421875 369.990875244140625 368.44622802734375 366.838623046875 365.164031982421875 363.41802978515625 361.59588623046875 359.692352294921875 357.70172119140625 355.617706298828125 353.433502197265625 351.141448974609375 348.733245849609375 346.1995849609375 343.5302734375 340.713836669921875 337.737548828125 334.587127685546875 331.246612548828125 327.697906494140625 nan nan nan nan nan nan nan nan nan nan nan nan nan
498.6348876953125 490.386627197265625 482.135894775390625 473.8826904296875 465.626953125 457.36865234375 449.107757568359375 440.844207763671875 432.577972412109375 424.309051513671875 416.037353515625 407.76287841796875 399.485565185546875 391.205413818359375 382.922332763671875 375.8543701171875 374.16845703125 372.417510986328125 370.59759521484375 368.7044677734375 366.733489990234375 364.6796875 362.53753662109375 360.3011474609375 357.963958740234375 355.5189208984375 352.9581298828125 350.273101806640625 347.454315185546875 344.4913330078125 341.372589111328125 338.085235595703125 334.614990234375 330.945892333984375 327.060028076171875 nan nan nan nan nan nan nan nan nan nan nan nan nan
495.700927734375 487.947357177734375 480.191314697265625 472.43280029296875 464.671722412109375 456.908111572265625 449.14190673828125 441.373077392578125 433.601531982421875 425.827301025390625 418.050323486328125 410.27056884765625 402.48797607421875 394.7025146484375 386.914154052734375 380.230224609375 378.338104248046875 376.37554931640625 374.338409423828125 372.2222900390625 370.02239990234375 367.7335205078125 365.35003662109375 362.8658447265625 360.274261474609375 357.568023681640625 354.739166259765625 351.779052734375 348.678131103515625 345.425872802734375 342.0107421875 338.41998291015625 334.639434814453125 330.65338134765625 326.4443359375 nan nan nan nan nan nan nan nan nan nan nan nan nan
492.76953125 485.510650634765625 478.249298095703125 470.9854736328125 463.719146728515625 456.45025634765625 449.17877197265625 441.904632568359375 434.627838134765625 427.34832763671875 420.066070556640625 412.781036376953125 405.493194580078125 398.202484130859375 390.90887451171875 384.60382080078125 382.499847412109375 380.32037353515625 378.061187744140625 375.717681884765625 373.285003662109375 370.757781982421875 368.130340576171875 365.39642333984375 362.54931640625 359.5816650390625 356.485504150390625 353.25213623046875 349.8720703125 346.33489990234375 342.629180908203125 338.74237060546875 334.66064453125 330.368682861328125 325.849578857421875 nan nan nan nan nan nan nan nan nan nan nan nan nan
489.84063720703125 483.07647705078125 476.30987548828125 469.540802001953125 462.769195556640625 455.995025634765625 449.218292236328125 442.43890380859375 435.6568603515625 428.872100830078125 422.0845947265625 415.294342041015625 408.501251220703125 401.705291748046875 394.90643310546875 388.975067138671875 386.653594970703125 384.25201416015625 381.765960693359375 379.1907958984375 376.52154541015625 373.752838134765625 370.87890625 367.89349365234375 364.78985595703125 361.560699462890625 358.19805908203125 354.693328857421875 351.037139892578125 347.21929931640625 343.2286376953125 339.05291748046875 334.678741455078125 330.09136962890625 325.27459716796875 nan nan nan nan nan nan nan nan nan nan nan nan nan
486.914276123046875 480.644866943359375 474.373016357421875 468.09869384765625 461.821868896484375 455.54248046875 449.260498046875 442.97589111328125 436.6885986328125 430.39862060546875 424.105926513671875 417.8104248046875 411.512115478515625 405.210968017578125 398.90692138671875 393.343902587890625 390.79937744140625 388.17047119140625 385.45281982421875 382.64178466796875 379.7322998046875 376.71905517578125 373.59625244140625 370.357666015625 366.996612548828125 363.505889892578125 359.877685546875 356.103515625 352.174285888671875 348.08001708984375 343.80987548828125 339.352142333984375 334.69390869140625 329.82110595703125 324.718353271484375 nan nan nan nan nan nan nan nan nan nan nan nan nan
