results/CR_RiosDensity.asc
ncols        411
nrows        381
xllcorner    -85.974999999997
yllcorner    8.041666666663
cellsize     0.008333333333
NODATA_value nan
[rows 225 to 249 of 381, columns 228 to 284 of 411]
nan nan nan nan nan nan nan nan nan 1.1271897554397583008 1.0166028738021850586 0.53981804847717285156 0 0 0 0 0.0088948272168636322021 0.075904436409473419189 0.48345926403999328613 1.0409773588180541992 1.4069375991821289063 0.21779653429985046387 0 0.27721455693244934082 0.70880836248397827148 0.41723915934562683105 1.4880493879318237305 2.4829127788543701172 2.8720355033874511719 2.0480825901031494141 0.75539743900299072266 0.051982220262289047241 0 0 0 0 0 0 0 0.06588474661111831665 0.56455707550048828125 2.4700336456298828125 1.3097461462020874023 0.35523566603660583496 0 0 0.99318397045135498047 1.1840769052505493164 0.80974185466766357422 0.87875223159790039063 0.91806584596633911133 0.52640718221664428711 0.30845084786415100098 1.5400147438049316406 1.0567277669906616211 1.3493696451187133789 1.9369400739669799805
nan nan nan nan nan nan nan nan nan nan nan 0.1293360590934753418 0 0 0.1978060603141784668 0.21696253120899200439 0 0 0.043186563998460769653 0.81458294391632080078 1.9155232906341552734 0.29652652144432067871 0 0 0.0036552334204316139221 0.026658812537789344788 1.6225113868713378906 2.4692173004150390625 2.1796565055847167969 1.5585139989852905273 0.8542416691780090332 0.43498700857162475586 0.27960598468780517578 0.035177245736122131348 0 0 0 0 0 0 0.24184142053127288818 1.3868358135223388672 0.94084882736206054688 0.62734329700469970703 0.49885135889053344727 0.04727050289511680603 0.64394831657409667969 1.1908011436462402344 1.3051919937133789063 0.45425498485565185547 1.1582446098327636719 0.90907484292984008789 0.49341890215873718262 1.9906008243560791016 1.2060935497283935547 1.4478991031646728516 2.0279207229614257813
nan nan nan nan nan nan nan nan nan nan nan nan nan nan 0.58129167556762695313 0.63758671283721923828 0 0 0.1269121319055557251 1.0413759946823120117 2.2589523792266845703 0.34968999028205871582 0 0 0.010741615667939186096 0.078342117369174957275 1.4588588476181030273 2.0512783527374267578 1.6630065441131591797 1.6235300302505493164 1.5317817926406860352 1.2782940864562988281 0.82167673110961914063 0.10337519645690917969 0 0 0 0 0 0 0.054794218391180038452 0.3142165839672088623 0.71756976842880249023 1.2632405757904052734 1.4659719467163085938 0.13891358673572540283 0.14589992165565490723 1.1167173385620117188 1.9280921220779418945 0.23989695310592651367 1.3917915821075439453 1.2778955698013305664 0.73011702299118041992 2.2555422782897949219 1.7840049266815185547 1.3858751058578491211 1.1322103738784790039
nan nan nan nan nan nan nan nan nan nan nan nan nan nan nan nan 0.014174031093716621399 0.12095477432012557983 0.77961945533752441406 1.5637190341949462891 2.0497992038726806641 0.85042297840118408203 0.66106778383255004883 0.5792331695556640625 0.46980965137481689453 0.87528431415557861328 1.2617609500885009766 1.2470026016235351563 0.92073827981948852539 1.000479578971862793 1.0538887977600097656 0.92906928062438964844 0.59719794988632202148 0.075133509933948516846 0 0 0 0 0 0 0 0 0.3972263634204864502 1.3608046770095825195 2.0196919441223144531 0.19138336181640625 0 0.72730964422225952148 1.5864660739898681641 1.0800409317016601563 1.4293873310089111328 1.3487440347671508789 1.2327066659927368164 2.1322352886199951172 1.4069532155990600586 0.83305829763412475586 0.52979910373687744141
nan nan nan nan nan nan nan nan nan nan nan nan nan nan nan nan nan 0.29202276468276977539 1.6680636405944824219 2.2085123062133789063 1.6117035150527954102 1.5365900993347167969 1.5960249900817871094 1.3984504938125610352 1.1161398887634277344 1.9809974431991577148 1.0508061647415161133 0.28266218304634094238 0.084993131458759307861 0.092354044318199157715 0.097284235060214996338 0.085762165486812591553 0.055127199739217758179 0.0069355564191937446594 0 0 0 0 0 0 0 0 0.036667872220277786255 1.2353299856185913086 2.4021341800689697266 0.22762310504913330078 0 0.20725895464420318604 0.84522348642349243164 2.3570795059204101563 1.3857977390289306641 1.296138763427734375 1.8454588651657104492 1.8480718135833740234 0.6342474818229675293 0.076899416744709014893 0.048905629664659500122
nan nan nan nan nan nan nan nan nan nan nan nan nan nan nan nan nan nan nan 1.2766983509063720703 1.240750432014465332 1.8254795074462890625 1.3043206930160522461 0.76783412694931030273 0.67436921596527099609 1.6333178281784057617 1.2455812692642211914 0.64233285188674926758 0.16776646673679351807 0.022764647379517555237 0 0 0 0 0 0 0 0 0 0 0 0 0 0.73751121759414672852 1.6448352336883544922 1.0799802541732788086 0.50817161798477172852 0.22681963443756103516 0.38750594854354858398 1.2518277168273925781 1.2332203388214111328 1.6372100114822387695 2.1487720012664794922 1.8708885908126831055 0.56696528196334838867 0 0
nan nan nan nan nan nan nan nan nan nan nan nan nan nan nan nan nan nan nan nan 0.86488687992095947266 1.9461799860000610352 0.86713588237762451172 0.042059201747179031372 0.16271157562732696533 1.1867086887359619141 1.4471924304962158203 1.1017860174179077148 0.40321290493011474609 0.15987469255924224854 0.096855826675891876221 0.082579910755157470703 0.084524579346179962158 0.094778329133987426758 0.096200779080390930176 0.083940483629703521729 0.055593606084585189819 0.0064321262761950492859 0 0 0 0 0 0.23371902108192443848 0.79639297723770141602 1.8440772294998168945 1.0190641880035400391 0.36232596635818481445 0.088727056980133056641 0.093491263687610626221 1.0795198678970336914 1.9302366971969604492 2.3400909900665283203 1.9394229650497436523 0.58502334356307983398 0 0
nan nan nan nan nan nan nan nan nan nan nan nan nan nan nan nan nan nan nan nan nan 0.81415730714797973633 0.36275422573089599609 0.017594881355762481689 0.19293892383575439453 1.407166600227355957 1.2513006925582885742 1.0517668724060058594 1.1336675882339477539 1.4333482980728149414 1.1784590482711791992 1.004761815071105957 1.0284228324890136719 1.1531817913055419922 1.1704889535903930664 1.0213160514831542969 0.67641550302505493164 0.078260622918605804443 0 0 0 0 0 0.097773090004920959473 0.33315989375114440918 0.77144402265548706055 0.97270107269287109375 1.055559992790222168 1.0795550346374511719 1.1375218629837036133 1.0398496389389038086 1.2816548347473144531 1.7489247322082519531 2.1194314956665039063 0.65878444910049438477 0 0
nan nan nan nan nan nan nan nan nan nan nan nan nan nan nan nan nan nan nan nan nan nan nan 0.014698037877678871155 0.24219125509262084961 1.5144093036651611328 1.0183985233306884766 0.85809922218322753906 1.4101806879043579102 2.0439233779907226563 1.8057829141616821289 1.6571439504623413086 1.7460350990295410156 1.8323068618774414063 1.8016366958618164063 1.5148550271987915039 0.94859105348587036133 0.10975106805562973022 0 0 0 0 0 0 0 0 0.79352903366088867188 1.324443817138671875 1.5688607692718505859 1.7670903205871582031 1.074347376823425293 0.99226814508438110352 1.5377287864685058594 2.4395816326141357422 0.92808896303176879883 0.19024172425270080566 0.14983828365802764893
nan nan nan nan nan nan nan nan nan nan nan nan nan nan nan nan nan nan nan nan nan nan nan nan 0.34017276763916015625 1.3316704034805297852 0.69070059061050415039 0.29650124907493591309 0.52400106191635131836 0.95659834146499633789 1.2695488929748535156 1.6184805631637573242 1.8840547800064086914 1.5399760007858276367 1.2977570295333862305 0.8715832829475402832 0.32776910066604614258 0.037922568619251251221 0 0 0 0 0 0 0 0 0.27419012784957885742 0.50642836093902587891 0.77360403537750244141 1.3350861072540283203 1.2988133430480957031 1.6228978633880615234 2.2997605800628662109 3.1186804771423339844 1.6982440948486328125 0.86775469779968261719 0.68346136808395385742
nan nan nan nan nan nan nan nan nan nan nan nan nan nan nan nan nan nan nan nan nan nan nan nan nan 0.91283714771270751953 0.38258516788482666016 0 0.041484192013740539551 0.28270232677459716797 0.72900271415710449219 1.2661364078521728516 1.701302647590637207 1.4682736396789550781 0.96202009916305541992 0.42290070652961730957 0 0 0.04516408964991569519 0.18149937689304351807 0.29074659943580627441 0.030630555003881454468 0 0 0 0 0 0.055093538016080856323 0.26142284274101257324 0.81810414791107177734 1.0474364757537841797 1.4454180002212524414 1.996906280517578125 2.5697495937347412109 1.5555400848388671875 1.0166743993759155273 0.94546854496002197266
nan nan nan nan nan nan nan nan nan nan nan nan nan nan nan nan nan nan nan nan nan nan nan nan nan nan nan 0 0.010449738241732120514 0.071211837232112884521 0.18363352119922637939 0.56295150518417358398 1.159778594970703125 1.6433362960815429688 0.81434482336044311523 0.19185914099216461182 0 0 0.14084260165691375732 0.5659993290901184082 0.90668290853500366211 0.095520295202732086182 0 0 0 0 0 0.013877891004085540771 0.065851598978042602539 0.2060778886079788208 0.26384598016738891602 0.36409628391265869141 0.50301444530487060547 0.64731192588806152344 0.39183568954467773438 0.57438147068023681641 0.90368300676345825195
nan nan nan nan nan nan nan nan nan nan nan nan nan nan nan nan nan nan nan nan nan nan nan nan nan nan nan nan 0 0 0 0.20656643807888031006 0.61900418996810913086 1.0780405998229980469 0.80771690607070922852 0.51928359270095825195 0.30903089046478271484 0.035754576325416564941 0.10959669947624206543 0.75036054849624633789 1.3468366861343383789 0.14189109206199645996 0 0 0 0 0 0 0 0 0 0 0 0 0 0.26943710446357727051 0.5633843541145324707
nan nan nan nan nan nan nan nan nan nan nan nan nan nan nan nan nan nan nan nan nan nan nan nan nan nan nan nan 0 0 0 0.026232823729515075684 0.078610196709632873535 0.13690534234046936035 0.87269097566604614258 1.13021087646484375 0.77493995428085327148 0.089659802615642547607 0.013918190263211727142 0.83312219381332397461 1.6977550983428955078 0.17886084318161010742 0 0 0 0 0 0 0 0 0 0 0 0 0 0.034217059612274169922 0.071546770632266998291
nan nan nan nan nan nan nan nan nan nan nan nan nan nan nan nan nan nan nan nan nan nan nan nan nan nan nan nan nan 0 0 0 0 0 0.46538129448890686035 0.64313596487045288086 0.44458091259002685547 0.051437579095363616943 0.25615531206130981445 0.99261885881423950195 1.5729029178619384766 0.16570749878883361816 0 0 0.063491322100162506104 0.34656104445457458496 0.12275356799364089966 0.26124107837677001953 0.64038544893264770508 0.75567334890365600586 1.0026859045028686523 0.98861873149871826172 0.83980798721313476563 0.88372814655303955078 1.5873566865921020508 1.5106121301651000977 1.0724236965179443359
nan nan nan nan nan nan nan nan nan nan nan nan nan nan nan nan nan nan nan nan nan nan nan nan nan nan nan nan nan nan nan 0 0 0 0 0 0 0 0.57948315143585205078 1.1742835044860839844 1.341645359992980957 0.14134418964385986328 0 0.012071797624230384827 0.15982438623905181885 0.7431055903434753418 0.26240253448486328125 0.53896409273147583008 1.3211734294891357422 1.5590227842330932617 2.0686323642730712891 2.0411763191223144531 1.7355152368545532227 1.8234237432479858398 3.2965850830078125 3.1347332000732421875 2.2140195369720458984
nan nan nan nan nan nan nan nan nan nan nan nan nan nan nan nan nan nan nan nan nan nan nan nan nan nan nan nan nan nan nan nan nan nan 0 0 0 0 1.3940567970275878906 1.5457442998886108398 0.58063393831253051758 0.061170589178800582886 0 0.27577754855155944824 0.71544104814529418945 0.95179426670074462891 0.31864878535270690918 0.2332515418529510498 0.57177412509918212891 0.67471003532409667969 0.89525753259658813477 0.91847252845764160156 0.81642037630081176758 0.79389286041259765625 1.9135611057281494141 1.7646061182022094727 0.99206531047821044922
nan nan nan nan nan nan nan nan nan nan nan nan nan nan nan nan nan nan nan nan nan nan nan nan nan nan nan nan nan nan nan nan nan nan nan 0 0 0 2.0491111278533935547 1.8596109151840209961 0.03333593904972076416 0.19116440415382385254 0.21706537902355194092 0.61881941556930541992 1.1407742500305175781 0.97970992326736450195 0.31418326497077941895 0 0 0 0 0.053767409175634384155 0.10008000582456588745 0.0072860801592469215393 0.74586647748947143555 0.62498140335083007813 0.051913850009441375732
nan nan nan nan nan nan nan nan nan nan nan nan nan nan nan nan nan nan nan nan nan nan nan nan nan nan nan nan nan nan nan nan nan nan nan nan 0 0 2.1906735897064208984 1.988081812858581543 0.17398004233837127686 0.99768579006195068359 1.1328628063201904297 1.2172437906265258789 1.1467255353927612305 0.42571857571601867676 0.11428690701723098755 0 0 0 0 0.019558364525437355042 0.036404978483915328979 0.0026503752451390028 0.27131545543670654297 0.22734244167804718018 0.018884116783738136292
nan nan nan nan nan nan nan nan nan nan nan nan nan nan nan nan nan nan nan nan nan nan nan nan nan nan nan nan nan nan nan nan nan nan nan nan nan 0.1103725433349609375 2.1483893394470214844 2.0865032672882080078 0.65649783611297607422 1.7235701084136962891 1.7015433311462402344 1.5023559331893920898 1.1038123369216918945 0.1045958101749420166 0 0 0 0 0 0 0 0 0 0 0.0059461630880832672119
nan nan nan nan nan nan nan nan nan nan nan nan nan nan nan nan nan nan nan nan nan nan nan nan nan nan nan nan nan nan nan nan nan nan nan nan nan nan 1.8606729507446289063 2.1448090076446533203 1.5954101085662841797 2.3418056964874267578 1.8068298101425170898 1.3692023754119873047 0.99566596746444702148 0.094348005950450897217 0 0 0 0 0 0 0 0 0 0 0.019830334931612014771
nan nan nan nan nan nan nan nan nan nan nan nan nan nan nan nan nan nan nan nan nan nan nan nan nan nan nan nan nan nan nan nan nan nan nan nan nan nan 1.1513986587524414063 1.4247781038284301758 1.2838507890701293945 1.6943767070770263672 1.2143129110336303711 1.0133562088012695313 1.0093832015991210938 0.5753256678581237793 0.17290583252906799316 0 0 0 0 0.14237079024314880371 0.35972625017166137695 0.49222639203071594238 0.47706162929534912109 0.49765452742576599121 0.57185733318328857422
nan nan nan nan nan nan nan nan nan nan nan nan nan nan nan nan nan nan nan nan nan nan nan nan nan nan nan nan nan nan nan nan nan nan nan nan nan nan 0.18321774899959564209 0.22671960294246673584 0.20429435372352600098 0.26961979269981384277 0.19322906434535980225 0.52074003219604492188 1.0979449748992919922 1.3579971790313720703 0.45200452208518981934 0 0 0 0 0.37218087911605834961 0.94038408994674682617 1.2867615222930908203 1.2471182346343994141 1.3009514808654785156 1.4543932676315307617
nan nan nan nan nan nan nan nan nan nan nan nan nan nan nan nan nan nan nan nan nan nan nan nan nan nan nan nan nan nan nan nan nan nan nan nan nan nan nan nan nan nan 0 0.23588605225086212158 0.6150462031364440918 0.83100682497024536133 0.27853864431381225586 0 0 0 0 0.22934892773628234863 0.57949262857437133789 0.79294073581695556641 0.76851135492324829102 0.80168503522872924805 0.89462131261825561523
nan nan nan nan nan nan nan nan nan nan nan nan nan nan nan nan nan nan nan nan nan nan nan nan nan nan nan nan nan nan nan nan nan nan nan nan nan nan nan nan nan nan 0 0 0 0 0 0 0 0 0 0 7.9084144090302288532e-05 0.00039484657463617622852 0.00054307549726217985153 0.00033120048465207219124 0.00011781302600866183639
