results/CR_RiosDensity.asc
ncols        411
nrows        381
xllcorner    -85.974999999997
yllcorner    8.041666666663
cellsize     0.008333333333
NODATA_value  nan
[rows 144 to 167 of 381, columns 53 to 105 of 411]
584.74169921875 595.10076904296875 605.4598388671875 615.81890869140625 626.177978515625 636.53704833984375 640.15911865234375 641.2115478515625 642.2640380859375 643.31646728515625 644.368896484375 645.42132568359375 646.4737548828125 647.52618408203125 648.57861328125 649.63104248046875 650.6834716796875 651.73590087890625 652.788330078125 653.8408203125 654.89324951171875 655.9456787109375 656.99810791015625 658.050537109375 659.10296630859375 660.1553955078125 661.20782470703125 662.26025390625 663.31268310546875 664.36517333984375 665.4176025390625 666.47003173828125 667.5224609375 668.57489013671875 669.6273193359375 670.67974853515625 671.732177734375 672.78460693359375 673.8370361328125 674.88946533203125 675.94195556640625 676.994384765625 678.04681396484375 679.0992431640625 680.15167236328125 681.2041015625 nan nan nan nan nan nan nan
578.170166015625 588.42962646484375 598.6890869140625 608.948486328125 619.20794677734375 629.4674072265625 633.07037353515625 634.1343994140625 635.19842529296875 636.26251220703125 637.3265380859375 638.39056396484375 639.45458984375 640.5186767578125 641.58270263671875 642.646728515625 643.71075439453125 644.77484130859375 645.8388671875 646.90289306640625 647.9669189453125 649.03094482421875 650.09503173828125 651.1590576171875 652.22308349609375 653.287109375 654.3511962890625 655.41522216796875 656.479248046875 657.54327392578125 658.60736083984375 659.67138671875 660.73541259765625 661.7994384765625 662.86346435546875 663.92755126953125 664.9915771484375 666.05560302734375 667.11962890625 668.1837158203125 669.24774169921875 670.311767578125 671.37579345703125 672.43988037109375 673.50390625 674.56793212890625 675.6319580078125 nan nan nan nan nan nan
571.59869384765625 581.75848388671875 591.91827392578125 602.078125 612.2379150390625 622.39776611328125 625.98162841796875 627.0572509765625 628.13287353515625 629.20855712890625 630.2841796875 631.35980224609375 632.43548583984375 633.5111083984375 634.5867919921875 635.66241455078125 636.738037109375 637.813720703125 638.88934326171875 639.9649658203125 641.0406494140625 642.11627197265625 643.19195556640625 644.267578125 645.34320068359375 646.41888427734375 647.4945068359375 648.57012939453125 649.64581298828125 650.721435546875 651.79705810546875 652.87274169921875 653.9483642578125 655.0240478515625 656.09967041015625 657.17529296875 658.2509765625 659.32659912109375 660.4022216796875 661.4779052734375 662.55352783203125 663.62921142578125 664.704833984375 665.78045654296875 666.85614013671875 667.9317626953125 669.00738525390625 670.08306884765625 nan nan nan nan nan
565.02716064453125 575.08734130859375 585.14752197265625 595.20770263671875 605.26788330078125 615.32806396484375 618.892822265625 619.9801025390625 621.06732177734375 622.15460205078125 623.2418212890625 624.3291015625 625.41632080078125 626.50360107421875 627.5908203125 628.6781005859375 629.76531982421875 630.85260009765625 631.9398193359375 633.027099609375 634.11431884765625 635.20159912109375 636.288818359375 637.3760986328125 638.46331787109375 639.55059814453125 640.6378173828125 641.72509765625 642.81231689453125 643.89959716796875 644.98681640625 646.0740966796875 647.16131591796875 648.24859619140625 649.3358154296875 650.423095703125 651.51031494140625 652.59759521484375 653.684814453125 654.7720947265625 655.859375 656.94659423828125 658.03387451171875 659.12109375 660.2083740234375 661.29559326171875 662.38287353515625 663.4700927734375 664.557373046875 665.64459228515625 nan nan nan
558.45562744140625 568.41619873046875 578.37677001953125 588.33734130859375 598.2978515625 608.2584228515625 611.8040771484375 612.9029541015625 614.00177001953125 615.10064697265625 616.199462890625 617.29833984375 618.397216796875 619.49603271484375 620.59490966796875 621.69378662109375 622.7926025390625 623.8914794921875 624.9903564453125 626.08917236328125 627.18804931640625 628.28692626953125 629.3857421875 630.484619140625 631.58349609375 632.68231201171875 633.78118896484375 634.8800048828125 635.9788818359375 637.0777587890625 638.17657470703125 639.27545166015625 640.37432861328125 641.47314453125 642.572021484375 643.6708984375 644.76971435546875 645.86859130859375 646.96746826171875 648.0662841796875 649.1651611328125 650.26397705078125 651.36285400390625 652.46173095703125 653.560546875 654.659423828125 655.75830078125 656.85711669921875 657.95599365234375 659.05487060546875 660.1536865234375 661.2525634765625 nan
551.8841552734375 561.74505615234375 571.60601806640625 581.4669189453125 591.32781982421875 601.18878173828125 604.71533203125 605.82574462890625 606.93621826171875 608.04669189453125 609.15716552734375 610.267578125 611.3780517578125 612.488525390625 613.5989990234375 614.70947265625 615.81988525390625 616.93035888671875 618.04083251953125 619.15130615234375 620.26171875 621.3721923828125 622.482666015625 623.5931396484375 624.70361328125 625.81402587890625 626.92449951171875 628.03497314453125 629.14544677734375 630.25592041015625 631.3663330078125 632.476806640625 633.5872802734375 634.69775390625 635.80816650390625 636.91864013671875 638.02911376953125 639.13958740234375 640.25006103515625 641.3604736328125 642.470947265625 643.5814208984375 644.69189453125 645.8023681640625 646.91278076171875 648.02325439453125 649.13372802734375 650.24420166015625 651.3546142578125 652.465087890625 653.5755615234375 654.68603515625 655.7965087890625
545.3126220703125 555.07391357421875 564.835205078125 574.59649658203125 584.3577880859375 594.11907958984375 597.62652587890625 598.74859619140625 599.87066650390625 600.99273681640625 602.11480712890625 603.23687744140625 604.35894775390625 605.48101806640625 606.60308837890625 607.72509765625 608.84716796875 609.96923828125 611.09130859375 612.21337890625 613.33544921875 614.45751953125 615.57958984375 616.70166015625 617.82373046875 618.94580078125 620.06787109375 621.18994140625 622.31195068359375 623.43402099609375 624.55609130859375 625.67816162109375 626.80023193359375 627.92230224609375 629.04437255859375 630.16644287109375 631.28851318359375 632.41058349609375 633.53265380859375 634.65472412109375 635.7767333984375 636.8988037109375 638.0208740234375 639.1429443359375 640.2650146484375 641.3870849609375 642.5091552734375 643.6312255859375 644.7532958984375 645.8753662109375 646.9974365234375 648.1195068359375 649.2415771484375
538.74114990234375 548.40277099609375 558.064453125 567.72613525390625 577.38775634765625 587.0494384765625 590.53778076171875 591.67144775390625 592.80511474609375 593.93878173828125 595.07244873046875 596.20611572265625 597.33978271484375 598.47344970703125 599.60711669921875 600.74078369140625 601.87445068359375 603.00811767578125 604.141845703125 605.2755126953125 606.4091796875 607.5428466796875 608.676513671875 609.8101806640625 610.94384765625 612.0775146484375 613.211181640625 614.3448486328125 615.478515625 616.6121826171875 617.745849609375 618.8795166015625 620.01318359375 621.1468505859375 622.280517578125 623.41424560546875 624.54791259765625 625.68157958984375 626.81524658203125 627.94891357421875 629.08258056640625 630.21624755859375 631.34991455078125 632.48358154296875 633.61724853515625 634.75091552734375 635.88458251953125 637.01824951171875 638.15191650390625 639.28558349609375 640.41925048828125 641.55291748046875 642.6866455078125
532.16961669921875 541.731689453125 551.293701171875 560.855712890625 570.417724609375 579.97979736328125 583.448974609375 584.59429931640625 585.73956298828125 586.88482666015625 588.03009033203125 589.17535400390625 590.3206787109375 591.4659423828125 592.6112060546875 593.7564697265625 594.9017333984375 596.04705810546875 597.19232177734375 598.33758544921875 599.48284912109375 600.62811279296875 601.7734375 602.918701171875 604.06396484375 605.209228515625 606.3544921875 607.49981689453125 608.64508056640625 609.79034423828125 610.93560791015625 612.08087158203125 613.2261962890625 614.3714599609375 615.5167236328125 616.6619873046875 617.8072509765625 618.95257568359375 620.09783935546875 621.24310302734375 622.38836669921875 623.53363037109375 624.678955078125 625.82421875 626.969482421875 628.11474609375 629.260009765625 630.40533447265625 631.55059814453125 632.69586181640625 633.84112548828125 634.98638916015625 636.1317138671875
525.59814453125 535.060546875 544.52294921875 553.9853515625 563.44775390625 572.91015625 576.3602294921875 577.51708984375 578.67401123046875 579.83087158203125 580.98773193359375 582.1446533203125 583.301513671875 584.4583740234375 585.61529541015625 586.77215576171875 587.92901611328125 589.0859375 590.2427978515625 591.399658203125 592.55657958984375 593.71343994140625 594.87030029296875 596.0272216796875 597.18408203125 598.3409423828125 599.49786376953125 600.65472412109375 601.81158447265625 602.968505859375 604.1253662109375 605.2822265625 606.43914794921875 607.59600830078125 608.75286865234375 609.9097900390625 611.066650390625 612.2235107421875 613.38043212890625 614.53729248046875 615.69415283203125 616.85107421875 618.0079345703125 619.164794921875 620.32171630859375 621.47857666015625 622.63543701171875 623.7923583984375 624.94921875 626.10614013671875 627.26300048828125 628.41986083984375 629.5767822265625
519.026611328125 528.389404296875 537.75213623046875 547.11492919921875 556.47772216796875 565.8404541015625 569.271484375 570.43994140625 571.60845947265625 572.77691650390625 573.9454345703125 575.1138916015625 576.28240966796875 577.45086669921875 578.61932373046875 579.787841796875 580.956298828125 582.12481689453125 583.29327392578125 584.4617919921875 585.6302490234375 586.79876708984375 587.96722412109375 589.1357421875 590.30419921875 591.47271728515625 592.64117431640625 593.8096923828125 594.9781494140625 596.14666748046875 597.31512451171875 598.483642578125 599.652099609375 600.820556640625 601.98907470703125 603.15753173828125 604.3260498046875 605.4945068359375 606.66302490234375 607.83148193359375 609 610.16845703125 611.33697509765625 612.50543212890625 613.6739501953125 614.8424072265625 616.01092529296875 617.17938232421875 618.347900390625 619.516357421875 620.68487548828125 621.85333251953125 623.0218505859375
512.45513916015625 521.71826171875 530.98138427734375 540.2445068359375 549.5076904296875 558.77081298828125 562.18267822265625 563.36279296875 564.54290771484375 565.72296142578125 566.903076171875 568.0831298828125 569.26324462890625 570.443359375 571.6234130859375 572.80352783203125 573.98358154296875 575.1636962890625 576.34381103515625 577.52386474609375 578.7039794921875 579.884033203125 581.06414794921875 582.2442626953125 583.42431640625 584.60443115234375 585.7845458984375 586.964599609375 588.14471435546875 589.32476806640625 590.5048828125 591.68499755859375 592.86505126953125 594.045166015625 595.2252197265625 596.40533447265625 597.58544921875 598.7655029296875 599.94561767578125 601.125732421875 602.3057861328125 603.48590087890625 604.66595458984375 605.8460693359375 607.02618408203125 608.20623779296875 609.3863525390625 610.56640625 611.74652099609375 612.9266357421875 614.106689453125 615.28680419921875 616.46685791015625
505.88360595703125 515.047119140625 524.21063232421875 533.3741455078125 542.53765869140625 551.701171875 555.09393310546875 556.28564453125 557.477294921875 558.66900634765625 559.8607177734375 561.05242919921875 562.24407958984375 563.435791015625 564.62750244140625 565.8192138671875 567.0108642578125 568.20257568359375 569.394287109375 570.58599853515625 571.77764892578125 572.9693603515625 574.16107177734375 575.352783203125 576.54443359375 577.73614501953125 578.9278564453125 580.11956787109375 581.31121826171875 582.5029296875 583.69464111328125 584.8863525390625 586.0780029296875 587.26971435546875 588.46142578125 589.65313720703125 590.84478759765625 592.0364990234375 593.22821044921875 594.419921875 595.611572265625 596.80328369140625 597.9949951171875 599.18670654296875 600.37835693359375 601.570068359375 602.76177978515625 603.9534912109375 605.1451416015625 606.33685302734375 607.528564453125 608.72027587890625 609.91192626953125
499.312103271484375 508.3759765625 517.43988037109375 526.50372314453125 535.567626953125 544.6314697265625 548.00518798828125 549.20843505859375 550.4117431640625 551.61505126953125 552.818359375 554.02166748046875 555.2249755859375 556.42828369140625 557.631591796875 558.83489990234375 560.03814697265625 561.241455078125 562.44476318359375 563.6480712890625 564.85137939453125 566.0546875 567.25799560546875 568.4613037109375 569.66461181640625 570.86785888671875 572.0711669921875 573.27447509765625 574.477783203125 575.68109130859375 576.8843994140625 578.08770751953125 579.291015625 580.49432373046875 581.69757080078125 582.90087890625 584.10418701171875 585.3074951171875 586.51080322265625 587.714111328125 588.91741943359375 590.1207275390625 591.32403564453125 592.52728271484375 593.7305908203125 594.93389892578125 596.13720703125 597.34051513671875 598.5438232421875 599.74713134765625 600.950439453125 602.15374755859375 603.35699462890625
492.7406005859375 501.704833984375 510.669097900390625 519.63336181640625 528.59759521484375 537.56182861328125 540.9163818359375 542.13128662109375 543.34619140625 544.56109619140625 545.7760009765625 546.99090576171875 548.205810546875 549.42071533203125 550.6356201171875 551.85052490234375 553.0654296875 554.28033447265625 555.49530029296875 556.710205078125 557.92510986328125 559.1400146484375 560.35491943359375 561.56982421875 562.78472900390625 563.9996337890625 565.21453857421875 566.429443359375 567.64434814453125 568.8592529296875 570.07415771484375 571.2890625 572.50396728515625 573.7188720703125 574.93377685546875 576.148681640625 577.36358642578125 578.5784912109375 579.79339599609375 581.00830078125 582.22320556640625 583.4381103515625 584.65301513671875 585.867919921875 587.08282470703125 588.2977294921875 589.51263427734375 590.7275390625 591.94244384765625 593.1573486328125 594.37225341796875 595.587158203125 596.80206298828125
486.169097900390625 495.03369140625 503.8983154296875 512.762939453125 521.6275634765625 530.4921875 533.82763671875 535.05413818359375 536.2806396484375 537.50714111328125 538.733642578125 539.960205078125 541.18670654296875 542.4132080078125 543.63970947265625 544.8662109375 546.09271240234375 547.31927490234375 548.5457763671875 549.77227783203125 550.998779296875 552.22528076171875 553.4517822265625 554.6783447265625 555.90484619140625 557.13134765625 558.35784912109375 559.5843505859375 560.81085205078125 562.03741455078125 563.263916015625 564.49041748046875 565.7169189453125 566.94342041015625 568.169921875 569.396484375 570.62298583984375 571.8494873046875 573.07598876953125 574.302490234375 575.52899169921875 576.75555419921875 577.9820556640625 579.20855712890625 580.43505859375 581.66156005859375 582.8880615234375 584.1146240234375 585.34112548828125 586.567626953125 587.79412841796875 589.0206298828125 590.24713134765625
479.59759521484375 nan 497.1275634765625 505.892547607421875 514.65753173828125 523.4224853515625 526.73883056640625 527.97698974609375 529.215087890625 530.45318603515625 531.69134521484375 532.929443359375 534.16754150390625 535.40570068359375 536.643798828125 537.88189697265625 539.1199951171875 540.358154296875 541.59625244140625 542.8343505859375 544.072509765625 545.31060791015625 546.5487060546875 547.786865234375 549.02496337890625 550.2630615234375 551.501220703125 552.73931884765625 553.9774169921875 555.21551513671875 556.45367431640625 557.6917724609375 558.92987060546875 560.16802978515625 561.4061279296875 562.64422607421875 563.88238525390625 565.1204833984375 566.35858154296875 567.5966796875 568.8348388671875 570.07293701171875 571.31103515625 572.5491943359375 573.78729248046875 575.025390625 576.2635498046875 577.50164794921875 578.73974609375 579.9779052734375 581.21600341796875 582.4541015625 583.69219970703125
nan nan nan 499.022125244140625 507.6875 nan 519.65008544921875 520.89984130859375 522.1495361328125 523.39923095703125 524.64898681640625 525.898681640625 527.1484375 528.39813232421875 529.64788818359375 530.8975830078125 532.1473388671875 533.39703369140625 534.646728515625 535.896484375 537.14617919921875 538.39593505859375 539.6456298828125 540.8953857421875 542.14508056640625 543.394775390625 544.64453125 545.89422607421875 547.14398193359375 548.3936767578125 549.6434326171875 550.89312744140625 552.14288330078125 553.392578125 554.64227294921875 555.89202880859375 557.1417236328125 558.3914794921875 559.64117431640625 560.89093017578125 562.140625 563.390380859375 564.64007568359375 565.8897705078125 567.1395263671875 568.38922119140625 569.63897705078125 570.888671875 572.138427734375 573.38812255859375 574.63787841796875 575.8875732421875 577.13726806640625
nan nan nan nan nan nan 512.56134033203125 513.8226318359375 515.083984375 516.34527587890625 nan nan 520.1292724609375 521.390625 522.65191650390625 523.91326904296875 525.17462158203125 526.4359130859375 527.697265625 528.95855712890625 530.21990966796875 531.481201171875 532.7425537109375 534.00390625 535.26519775390625 536.52655029296875 537.787841796875 539.0491943359375 540.31048583984375 541.57183837890625 542.83319091796875 544.094482421875 545.3558349609375 546.61712646484375 547.87847900390625 549.13983154296875 550.401123046875 551.6624755859375 552.92376708984375 554.18511962890625 555.4464111328125 556.707763671875 557.9691162109375 559.23040771484375 560.49176025390625 561.7530517578125 563.014404296875 564.2757568359375 565.53704833984375 566.79840087890625 568.0596923828125 569.321044921875 570.58233642578125
nan nan nan nan nan nan nan 506.7454833984375 508.0184326171875 nan nan nan nan 514.383056640625 515.656005859375 516.928955078125 518.201904296875 519.47479248046875 520.74774169921875 522.02069091796875 523.2935791015625 524.5665283203125 525.8394775390625 527.1124267578125 528.38531494140625 529.65826416015625 530.93121337890625 532.2041015625 533.47705078125 534.75 536.02294921875 537.29583740234375 538.56878662109375 539.84173583984375 541.1146240234375 542.3875732421875 543.6605224609375 544.9334716796875 546.20635986328125 547.47930908203125 548.75225830078125 550.025146484375 551.298095703125 552.571044921875 553.843994140625 555.11688232421875 556.38983154296875 557.66278076171875 558.93572998046875 560.2086181640625 561.4815673828125 562.7545166015625 564.02740478515625
nan nan nan nan nan nan nan nan nan nan nan nan nan nan nan nan nan nan nan 515.082763671875 516.3673095703125 517.65185546875 518.9364013671875 520.220947265625 521.50543212890625 522.78997802734375 524.07452392578125 525.35906982421875 526.64361572265625 527.92816162109375 529.21270751953125 530.4971923828125 531.78173828125 533.0662841796875 534.350830078125 535.6353759765625 536.919921875 538.2044677734375 539.48895263671875 540.77349853515625 542.05804443359375 543.34259033203125 544.62713623046875 545.91168212890625 547.19622802734375 548.480712890625 549.7652587890625 551.0498046875 552.3343505859375 553.618896484375 554.9034423828125 556.18798828125 557.47247314453125
nan nan nan nan nan nan nan nan nan nan nan nan nan nan nan nan nan nan nan nan nan nan 512.0333251953125 513.3294677734375 514.6256103515625 515.9217529296875 517.2178955078125 518.51397705078125 519.81011962890625 521.10626220703125 522.40240478515625 523.69854736328125 524.99468994140625 526.29083251953125 527.58697509765625 528.88311767578125 530.17926025390625 531.47540283203125 532.77154541015625 534.06768798828125 535.36383056640625 536.65997314453125 537.95611572265625 539.25225830078125 540.54840087890625 541.84454345703125 543.14068603515625 544.43682861328125 545.73297119140625 547.02911376953125 548.32525634765625 549.62139892578125 550.91754150390625
nan nan nan nan nan nan nan nan nan nan nan nan nan nan nan nan nan nan nan nan nan nan nan 506.437957763671875 507.745697021484375 509.053466796875 510.3612060546875 511.6689453125 512.9766845703125 514.284423828125 515.5921630859375 516.89996337890625 518.20770263671875 519.51544189453125 520.82318115234375 522.13092041015625 523.43865966796875 524.74639892578125 526.05419921875 527.3619384765625 528.669677734375 529.9774169921875 531.28515625 532.5928955078125 533.900634765625 535.2083740234375 536.51617431640625 537.82391357421875 539.13165283203125 540.43939208984375 541.74713134765625 543.05487060546875 544.36260986328125
nan nan nan nan nan nan nan nan nan nan nan nan nan nan nan nan nan nan nan nan nan nan nan nan 500.865814208984375 502.1851806640625 503.504547119140625 504.823883056640625 506.14324951171875 507.46258544921875 508.781951904296875 510.101287841796875 511.420654296875 512.739990234375 514.059326171875 515.37872314453125 516.69805908203125 518.01739501953125 519.3367919921875 520.6561279296875 521.9754638671875 523.2947998046875 524.61419677734375 525.93353271484375 527.25286865234375 528.57220458984375 529.8916015625 531.2109375 532.5302734375 533.84967041015625 535.16900634765625 536.48834228515625 537.80767822265625
