results/CR_RiosDensity.asc
ncols        411
nrows        381
xllcorner    -85.974999999997
yllcorner    8.041666666663
cellsize     0.008333333333
NODATA_value  nan
[rows 288 to 311 of 381, columns 265 to 317 of 411]
nan nan nan nan nan nan nan nan nan nan nan nan nan nan nan 602.7774658203125 606.92095947265625 611.064453125 615.2080078125 619.35150146484375 623.49505615234375 627.6385498046875 631.7821044921875 635.92559814453125 640.06915283203125 644.212646484375 648.356201171875 652.49969482421875 656.64324951171875 660.7867431640625 664.9302978515625 669.07379150390625 673.21734619140625 677.36083984375 681.50433349609375 685.64788818359375 689.7913818359375 693.9349365234375 698.07843017578125 702.22198486328125 706.365478515625 710.509033203125 714.65252685546875 718.79608154296875 722.9395751953125 727.0831298828125 731.22662353515625 735.37017822265625 739.513671875 743.6572265625 747.80072021484375 751.9442138671875 756.0877685546875
nan nan nan nan nan nan nan nan nan nan nan nan nan nan nan 597.8956298828125 602.03704833984375 606.17852783203125 nan nan 618.60284423828125 622.7442626953125 626.88568115234375 631.027099609375 635.1685791015625 639.30999755859375 643.451416015625 647.5928955078125 651.73431396484375 655.875732421875 660.0172119140625 664.15863037109375 668.300048828125 672.44146728515625 676.58294677734375 680.724365234375 684.86578369140625 689.00726318359375 693.148681640625 697.29010009765625 701.4315185546875 705.572998046875 709.71441650390625 713.8558349609375 717.997314453125 722.13873291015625 726.2801513671875 730.42156982421875 734.56304931640625 738.7044677734375 742.84588623046875 746.98736572265625 751.1287841796875
nan nan nan nan nan nan nan nan nan nan nan nan nan nan 588.87451171875 593.01385498046875 597.1531982421875 601.29254150390625 nan 609.57122802734375 613.7105712890625 617.84991455078125 621.98931884765625 626.128662109375 630.26800537109375 634.4073486328125 638.54669189453125 642.68603515625 646.82537841796875 650.9647216796875 655.10406494140625 659.24346923828125 663.3828125 667.52215576171875 671.6614990234375 675.80084228515625 679.940185546875 684.07952880859375 688.2188720703125 692.35821533203125 696.49761962890625 700.636962890625 704.77630615234375 708.9156494140625 713.05499267578125 717.1943359375 721.33367919921875 725.4730224609375 729.61236572265625 733.75177001953125 737.89111328125 742.03045654296875 746.1697998046875
nan nan nan nan nan nan nan nan nan nan nan nan nan nan nan 588.13201904296875 592.269287109375 nan 600.5438232421875 604.68109130859375 608.818359375 612.95562744140625 617.0928955078125 621.23016357421875 625.367431640625 629.50469970703125 633.6419677734375 637.77923583984375 641.91644287109375 646.0537109375 650.19097900390625 654.3282470703125 658.46551513671875 662.602783203125 666.74005126953125 670.8773193359375 675.01458740234375 679.15185546875 683.28912353515625 687.4263916015625 691.56365966796875 695.700927734375 699.838134765625 703.97540283203125 708.1126708984375 712.24993896484375 716.38720703125 720.52447509765625 724.6617431640625 728.79901123046875 732.936279296875 737.07354736328125 741.2108154296875
nan nan nan nan nan nan nan nan nan nan nan nan nan nan nan nan nan nan 595.65576171875 599.79095458984375 603.9261474609375 608.061279296875 612.19647216796875 616.3316650390625 620.46685791015625 624.60198974609375 628.7371826171875 632.87237548828125 637.007568359375 641.1427001953125 645.27789306640625 649.4130859375 653.54827880859375 657.68341064453125 661.818603515625 665.95379638671875 670.0889892578125 674.22412109375 678.35931396484375 682.4945068359375 686.62969970703125 690.76483154296875 694.9000244140625 699.03521728515625 703.17041015625 707.3055419921875 711.44073486328125 715.575927734375 719.71112060546875 723.8463134765625 727.9814453125 732.11663818359375 736.2518310546875
nan nan nan nan nan nan nan nan nan nan nan nan nan nan nan 578.36846923828125 582.50152587890625 586.6346435546875 590.7677001953125 594.90081787109375 599.03387451171875 603.1669921875 607.30010986328125 611.43316650390625 615.5662841796875 619.6993408203125 623.83245849609375 627.96551513671875 632.0986328125 636.23175048828125 640.36480712890625 644.4979248046875 648.6309814453125 652.76409912109375 656.89715576171875 661.0302734375 665.16339111328125 669.29644775390625 673.4295654296875 677.5626220703125 681.69573974609375 685.82879638671875 689.9619140625 694.09503173828125 698.22808837890625 702.3612060546875 706.4942626953125 710.62738037109375 714.76043701171875 718.8935546875 723.02667236328125 727.15972900390625 731.2928466796875
nan nan nan nan nan nan nan nan nan nan nan nan nan nan nan 573.48663330078125 577.61767578125 581.7486572265625 585.879638671875 590.01068115234375 594.14166259765625 598.272705078125 602.4036865234375 606.53466796875 610.66571044921875 614.79669189453125 618.92767333984375 623.0587158203125 627.189697265625 631.32073974609375 635.45172119140625 639.58270263671875 643.7137451171875 647.8447265625 651.97576904296875 656.10675048828125 660.23773193359375 664.3687744140625 668.499755859375 672.63079833984375 676.76177978515625 680.89276123046875 685.0238037109375 689.15478515625 693.28582763671875 697.41680908203125 701.54779052734375 705.6788330078125 709.809814453125 713.9407958984375 718.07183837890625 722.20281982421875 726.3338623046875
nan nan nan nan nan nan nan nan nan nan nan nan nan nan nan 568.6048583984375 572.7337646484375 576.8626708984375 580.9915771484375 585.12054443359375 589.24945068359375 593.37835693359375 597.50726318359375 601.63616943359375 605.76513671875 609.89404296875 614.02294921875 618.15185546875 622.28082275390625 626.40972900390625 630.53863525390625 634.66754150390625 638.79644775390625 642.9254150390625 647.0543212890625 651.1832275390625 655.3121337890625 659.4410400390625 663.57000732421875 667.69891357421875 671.82781982421875 675.95672607421875 680.08563232421875 684.214599609375 688.343505859375 692.472412109375 696.601318359375 700.73028564453125 704.85919189453125 708.98809814453125 713.11700439453125 717.24591064453125 721.3748779296875
nan nan nan nan nan nan nan nan nan nan nan nan nan nan nan 563.7230224609375 567.849853515625 571.9766845703125 576.103515625 580.2303466796875 584.35723876953125 588.48406982421875 592.61090087890625 596.73773193359375 600.86456298828125 604.99139404296875 609.11822509765625 613.24505615234375 617.37188720703125 621.49871826171875 625.62554931640625 629.75238037109375 633.87921142578125 638.00604248046875 642.13287353515625 646.25970458984375 650.38653564453125 654.51336669921875 658.64019775390625 662.76702880859375 666.89385986328125 671.02069091796875 675.14752197265625 679.27435302734375 683.40118408203125 687.52801513671875 691.65484619140625 695.78167724609375 699.90850830078125 704.03533935546875 708.1622314453125 712.2890625 716.4158935546875
nan nan nan nan nan nan nan nan nan nan nan nan nan nan nan 558.84124755859375 562.96600341796875 567.09075927734375 571.21551513671875 575.3402099609375 579.4649658203125 583.5897216796875 587.7144775390625 591.8392333984375 595.9639892578125 600.08868408203125 604.21343994140625 608.33819580078125 612.46295166015625 616.58770751953125 620.71246337890625 624.83721923828125 628.9619140625 633.086669921875 637.21142578125 641.336181640625 645.4609375 649.585693359375 653.71044921875 657.83514404296875 661.95989990234375 666.08465576171875 670.20941162109375 674.33416748046875 678.45892333984375 682.58367919921875 nan nan nan 699.0826416015625 703.2073974609375 707.3321533203125 711.4569091796875
nan nan nan nan nan nan nan nan nan nan nan nan nan nan 549.8367919921875 553.95947265625 558.08209228515625 562.20477294921875 566.32745361328125 570.4500732421875 574.57275390625 578.6954345703125 582.81805419921875 586.94073486328125 591.06341552734375 595.18603515625 599.3087158203125 603.431396484375 607.55401611328125 611.67669677734375 615.79937744140625 619.9219970703125 624.044677734375 628.1673583984375 632.28997802734375 636.41265869140625 640.53533935546875 644.657958984375 648.7806396484375 652.9033203125 657.02593994140625 661.14862060546875 665.27130126953125 nan nan nan nan nan nan nan nan 702.375244140625 706.49786376953125
nan nan nan nan nan nan nan nan nan nan nan nan nan nan 544.95709228515625 549.07763671875 553.1982421875 557.31878662109375 561.43939208984375 565.5599365234375 569.6805419921875 573.80108642578125 577.92169189453125 582.042236328125 586.162841796875 590.28338623046875 594.40399169921875 598.5245361328125 602.6451416015625 606.76568603515625 610.88629150390625 615.0068359375 619.12744140625 623.24798583984375 627.36859130859375 nan nan nan nan 647.971435546875 652.092041015625 656.21258544921875 nan nan nan nan nan nan nan nan nan nan 701.53887939453125
nan nan nan nan nan nan nan nan nan nan nan nan nan nan 540.07733154296875 544.19586181640625 548.3143310546875 552.43280029296875 556.55133056640625 560.6697998046875 564.78826904296875 568.90679931640625 573.0252685546875 577.14373779296875 581.26226806640625 585.3807373046875 589.49920654296875 593.61773681640625 597.7362060546875 601.85467529296875 605.97314453125 610.0916748046875 614.21014404296875 618.32861328125 nan nan nan nan nan nan nan nan nan nan nan nan nan nan nan nan nan nan 696.57989501953125
nan nan nan nan nan nan nan nan nan nan nan nan nan nan 535.1976318359375 539.31402587890625 543.430419921875 547.546875 551.66326904296875 555.7796630859375 559.89605712890625 564.012451171875 568.12884521484375 572.2452392578125 576.3616943359375 580.47808837890625 584.594482421875 588.71087646484375 592.8272705078125 596.94366455078125 601.06005859375 605.176513671875 609.29290771484375 613.4093017578125 nan nan nan nan nan nan nan nan nan nan nan nan nan nan nan nan nan nan 691.62091064453125
nan nan nan nan nan nan nan nan nan 520.493896484375 520.72027587890625 nan nan 526.20361328125 530.31793212890625 534.4322509765625 538.54656982421875 542.660888671875 546.77520751953125 550.8895263671875 555.00384521484375 559.1181640625 563.23248291015625 567.3468017578125 571.46112060546875 575.575439453125 579.689697265625 583.80401611328125 587.9183349609375 592.03265380859375 596.14697265625 600.26129150390625 604.3756103515625 608.48992919921875 612.604248046875 616.71856689453125 nan nan nan nan nan nan nan nan nan nan nan nan nan nan nan nan nan
nan nan nan nan nan nan nan 515.51641845703125 515.67578125 515.8292236328125 515.97698974609375 516.119384765625 517.2137451171875 521.32598876953125 525.438232421875 529.55047607421875 533.66265869140625 537.77490234375 541.88714599609375 545.9993896484375 550.111572265625 554.22381591796875 558.3360595703125 562.44830322265625 566.560546875 570.6727294921875 574.78497314453125 578.897216796875 583.00946044921875 587.12164306640625 591.23388671875 595.34613037109375 599.4583740234375 603.57061767578125 607.68280029296875 611.7950439453125 615.90728759765625 nan nan nan nan nan nan nan nan nan nan nan nan nan nan nan nan
nan nan nan nan nan nan 510.92449951171875 511.005157470703125 511.08270263671875 511.15728759765625 511.229095458984375 511.29827880859375 512.33819580078125 516.4483642578125 520.55853271484375 524.66864013671875 528.77880859375 532.888916015625 536.99908447265625 541.1092529296875 545.2193603515625 549.32952880859375 553.43963623046875 557.5498046875 561.65997314453125 565.77008056640625 569.8802490234375 573.9903564453125 578.10052490234375 582.210693359375 586.32080078125 590.43096923828125 594.54107666015625 598.6512451171875 602.7613525390625 606.87152099609375 610.981689453125 615.091796875 nan nan nan nan nan nan nan nan nan nan nan nan nan nan nan
nan nan nan nan nan nan 506.5767822265625 506.5767822265625 506.5767822265625 506.5767822265625 506.5767822265625 506.5767822265625 507.564727783203125 511.670135498046875 515.7755126953125 519.88079833984375 523.98602294921875 528.09124755859375 532.1964111328125 536.301513671875 540.4066162109375 544.51165771484375 548.61663818359375 552.7215576171875 556.82647705078125 560.9312744140625 565.03607177734375 569.140869140625 573.24554443359375 577.3502197265625 581.454833984375 585.55938720703125 589.6639404296875 593.7684326171875 597.87286376953125 601.97723388671875 606.08154296875 610.18585205078125 614.29010009765625 nan nan nan nan nan nan nan nan nan nan nan nan nan nan
nan nan nan nan nan nan 506.5767822265625 506.5767822265625 506.5767822265625 506.5767822265625 506.5767822265625 506.5767822265625 507.53369140625 511.5087890625 515.481689453125 519.452392578125 523.4208984375 527.38720703125 531.35137939453125 535.3133544921875 539.273193359375 543.23077392578125 547.186279296875 551.1395263671875 555.09063720703125 559.03961181640625 562.98638916015625 566.93096923828125 570.87347412109375 574.813720703125 578.75189208984375 582.6878662109375 586.62164306640625 590.5533447265625 594.48284912109375 598.41021728515625 602.33544921875 606.25848388671875 610.179443359375 614.09820556640625 nan nan nan nan nan nan nan nan nan nan nan nan nan
nan nan nan nan nan nan 506.5767822265625 506.5767822265625 506.5767822265625 506.5767822265625 506.5767822265625 506.5767822265625 507.501739501953125 511.34271240234375 515.179443359375 519.01190185546875 522.8402099609375 526.66424560546875 530.48406982421875 534.2996826171875 538.111083984375 541.91827392578125 545.7213134765625 549.52020263671875 553.31488037109375 557.1053466796875 560.8917236328125 564.67388916015625 568.45196533203125 572.225830078125 575.99560546875 579.76123046875 583.52276611328125 587.28021240234375 591.03350830078125 594.78271484375 598.52783203125 602.26885986328125 606.00579833984375 609.7386474609375 nan nan nan nan nan nan nan nan nan nan nan nan nan
nan nan nan nan 506.5767822265625 506.5767822265625 506.5767822265625 506.5767822265625 506.5767822265625 506.5767822265625 506.5767822265625 506.5767822265625 507.46881103515625 511.171722412109375 514.868408203125 518.5589599609375 522.2432861328125 525.9215087890625 529.593505859375 533.25946044921875 536.91925048828125 540.57293701171875 544.2205810546875 547.86212158203125 551.4976806640625 555.12713623046875 558.7506103515625 562.3680419921875 565.9794921875 569.5849609375 573.1844482421875 576.778076171875 580.36566162109375 583.9473876953125 587.52325439453125 591.0931396484375 594.6572265625 598.21539306640625 601.76776123046875 605.31427001953125 nan nan nan nan nan nan nan nan nan nan nan nan nan
nan nan nan nan 506.5767822265625 506.5767822265625 506.5767822265625 506.5767822265625 506.5767822265625 506.5767822265625 506.5767822265625 506.5767822265625 507.43487548828125 510.995574951171875 514.5482177734375 518.0928955078125 521.6295166015625 525.15814208984375 528.6788330078125 532.191650390625 535.696533203125 539.19354248046875 542.68267822265625 546.1640625 549.6375732421875 553.1033935546875 556.56146240234375 560.01177978515625 563.4544677734375 566.88946533203125 570.31683349609375 573.736572265625 577.14874267578125 580.5533447265625 583.95037841796875 587.3399658203125 590.7220458984375 594.09661865234375 597.46380615234375 600.8236083984375 nan nan nan nan nan nan nan nan nan nan nan nan nan
nan nan nan nan 506.5767822265625 506.5767822265625 506.5767822265625 506.5767822265625 506.5767822265625 506.5767822265625 506.5767822265625 506.5767822265625 507.399871826171875 510.814056396484375 514.218505859375 517.6131591796875 520.99810791015625 524.3734130859375 527.73907470703125 531.0950927734375 534.441650390625 537.7786865234375 541.10626220703125 544.42437744140625 547.733154296875 551.0325927734375 554.32269287109375 557.603515625 560.8751220703125 564.1375732421875 567.390869140625 570.63507080078125 573.87017822265625 577.09625244140625 580.31329345703125 583.52142333984375 586.72064208984375 589.91094970703125 593.09246826171875 596.26507568359375 599.42901611328125 nan nan nan nan nan nan nan nan nan nan nan nan
nan nan nan nan 506.5767822265625 506.5767822265625 506.5767822265625 506.5767822265625 506.5767822265625 506.5767822265625 506.5767822265625 506.5767822265625 507.36376953125 510.626922607421875 513.87872314453125 517.119140625 520.34832763671875 523.5662841796875 526.7730712890625 529.96875 533.15338134765625 536.3270263671875 539.48980712890625 542.64166259765625 545.78271484375 548.9129638671875 552.03253173828125 555.1414794921875 558.23980712890625 561.32757568359375 564.4049072265625 567.47174072265625 570.52825927734375 573.57440185546875 576.6102294921875 579.63592529296875 582.6513671875 585.65673828125 588.6519775390625 591.63726806640625 594.612548828125 nan nan nan nan nan nan nan nan nan nan nan nan
