results/DensidadCaminos_atlas.asc
ncols        411
nrows        381
xllcorner    -85.974999999997
yllcorner    8.041666666663
cellsize     0.008333333333
NODATA_value nan
[rows 108 to 134 of 381, columns 300 to 359 of 411]
0.56740742921829223633 0.14782635867595672607 0.003425917821004986763 0 0 0 0 0 0 0 0 0 0 0.00156941940076649189 0.083105780184268951416 nan nan nan nan nan nan nan nan nan nan nan nan nan nan nan nan nan nan nan nan nan nan nan nan nan nan nan nan nan nan nan nan nan nan nan nan nan nan nan nan nan nan nan nan nan
0.55561614036560058594 0.52758759260177612305 0.077532656490802764893 0 0 0 0 0 0 0 0 0 0 0.012111213058233261108 0.64406800270080566406 0.85257333517074584961 nan nan nan nan nan nan nan nan nan nan nan nan nan nan nan nan nan nan nan nan nan nan nan nan nan nan nan nan nan nan nan nan nan nan nan nan nan nan nan nan nan nan nan nan
0 0.64031302928924560547 0.42421758174896240234 0.013553581200540065765 0 0 0 0 0.026360031217336654663 0.0038281800225377082825 0 0 0 0.00099453900475054979324 0.069916479289531707764 0.4182026982307434082 0.64513516426086425781 nan nan nan nan nan nan nan nan nan nan nan nan nan nan nan nan nan nan nan nan nan nan nan nan nan nan nan nan nan nan nan nan nan nan nan nan nan nan nan nan nan nan nan
0 0.043282557278871536255 0.22469028830528259277 0.10509324073791503906 0.033950615674257278442 0.013345095328986644745 0.092941366136074066162 0.1100873798131942749 0.27922162413597106934 0.038084495812654495239 0 0 0 0.11175867170095443726 0.38096055388450622559 0.049029674381017684937 0.55489557981491088867 0.53322416543960571289 nan nan nan nan nan nan nan nan nan nan nan nan nan nan nan nan nan nan nan nan nan nan nan nan nan nan nan nan nan nan nan nan nan nan nan nan nan nan nan nan nan nan
0 0 0 0.037601843476295471191 0.43704769015312194824 0.25915390253067016602 0.75236850976943969727 0.85565203428268432617 0.58160167932510375977 0.065297655761241912842 0 0 0 0.83615887165069580078 0.11426723003387451172 0 0.099475622177124023438 0.72208112478256225586 0.28654831647872924805 nan nan nan nan nan nan nan nan nan nan nan nan nan nan nan nan nan nan nan nan nan nan nan nan nan nan nan nan nan nan nan nan nan nan nan nan nan nan nan nan nan
0.02325268089771270752 0.053361397236585617065 0.029949016869068145752 0.42463418841361999512 1.4462381601333618164 1.2258690595626831055 0.23360566794872283936 0 0 0 0 0 0.062656342983245849609 0.31890270113945007324 0.69609981775283813477 0 0 0.16133004426956176758 0.84430998563766479492 nan nan nan nan nan nan nan nan nan nan nan nan nan nan nan nan nan nan nan nan nan nan nan nan nan nan nan nan nan nan nan nan nan nan nan nan nan nan nan nan nan
0.32081145048141479492 0.46323734521865844727 0.32708969712257385254 1.1521476507186889648 0.79152303934097290039 0.11635307967662811279 0 0 0 0 0 0 0.60395908355712890625 0.82002806663513183594 0 0 0 0 0.20812089741230010986 0.8417269587516784668 nan nan nan nan nan nan nan nan nan nan nan nan nan nan nan nan nan nan nan nan nan nan nan nan nan nan nan nan nan nan nan nan nan nan nan nan nan nan nan nan
1.2233979701995849609 0.48312541842460632324 0.88966214656829833984 1.0299855470657348633 0.26271137595176696777 0.064482733607292175293 0.019893402233719825745 0 0.044934712350368499756 0.048175740987062454224 0.026209950447082519531 0.0070965061895549297333 1.0166090726852416992 0 0 0 0 0 0.032857470214366912842 0.34988287091255187988 0.72767722606658935547 nan nan nan nan nan nan nan nan nan nan nan nan nan nan nan nan nan nan nan nan nan nan nan nan nan nan nan nan nan nan nan nan nan nan nan nan nan nan nan
1.1384137868881225586 1.0213969945907592773 1.2942115068435668945 0.47726097702980041504 0.11267586052417755127 0.56828248500823974609 0.16326357424259185791 0 0.47569170594215393066 0.53889501094818115234 0.28567734360694885254 0.18167081475257873535 0.93807613849639892578 0 0.0018021195428445935249 0.029975738376379013062 0 0 0 0.061155281960964202881 0.42541474103927612305 0.63085037469863891602 nan nan nan nan nan nan nan nan nan nan nan nan nan nan nan nan nan nan nan nan nan nan nan nan nan nan nan nan nan nan nan nan nan nan nan nan nan nan
0.78531002998352050781 0.72168058156967163086 0.29796287417411804199 0 0.81912600994110107422 0.57533854246139526367 0.11882854998111724854 0.093983575701713562012 1.1864063739776611328 1.4144725799560546875 0.73778182268142700195 0.99648123979568481445 0.016333298757672309875 0.00034564718953333795071 0.038112077862024307251 0.35230657458305358887 0 0 0 0 0.11011040955781936646 0.50565493106842041016 0.4795894622802734375 nan nan nan nan nan nan nan nan nan nan nan nan nan nan nan nan nan nan nan nan nan nan nan nan nan nan nan nan nan nan nan nan nan nan nan nan nan
0.71682065725326538086 0.4041729271411895752 0.096481814980506896973 0.11220302432775497437 0.10344919562339782715 0.84832584857940673828 0.63869935274124145508 0.76605474948883056641 1.9398998022079467773 1.3702660799026489258 0.87286573648452758789 0.04305502772331237793 0 0.0051200939342379570007 0.30604034662246704102 0.91868233680725097656 0 0 0 0 0 0.16299729049205780029 0.37381324172019958496 0.031732369214296340942 nan nan nan nan nan nan nan nan nan nan nan nan nan nan nan nan nan nan nan nan nan nan nan nan nan nan nan nan nan nan nan nan nan nan nan nan
1.0896861553192138672 0.68806403875350952148 0.85079199075698852539 0.90120095014572143555 0.81773662567138671875 1.3673322200775146484 1.2234669923782348633 0.2180042564868927002 1.7842613458633422852 1.5562093257904052734 0.13786379992961883545 0.00053080089855939149857 0 0.068809427320957183838 0.98464196920394897461 0 0 0 0 0 0 0 0 0 0 nan nan nan nan nan nan nan nan nan nan nan nan nan nan nan nan nan nan nan nan nan nan nan nan nan nan nan nan nan nan nan nan nan nan nan
0.98672771453857421875 1.3457386493682861328 0.77428209781646728516 0.11305749416351318359 0 0 0.60422372817993164063 0.16532631218433380127 0.46384763717651367188 0.23312589526176452637 0.016454957425594329834 0.04973629489541053772 0.17229160666465759277 0.55416893959045410156 0.56795984506607055664 0.15414193272590637207 0.0050866743549704551697 0.034006088972091674805 0 0 0 0 0 0 0 nan nan nan nan nan nan nan nan nan nan nan nan nan nan nan nan nan nan nan nan nan nan nan nan nan nan nan nan nan nan nan nan nan nan nan
1.8604776859283447266 1.8683843612670898438 0.69427078962326049805 0.048605214804410934448 0.0033116068225353956223 0 0 0 0 0.13950483500957489014 0.11373633891344070435 0.47505033016204833984 1.4669357538223266602 1.3546861410140991211 0.89504104852676391602 1.2453947067260742188 0.13021683692932128906 0.2852039039134979248 0 0 0 0 0 0 0 0 nan nan nan nan nan nan nan nan nan nan nan nan nan nan nan nan nan nan nan nan nan nan nan nan nan nan nan nan nan nan nan nan nan nan
0.31047019362449645996 0.23202824592590332031 0.73334962129592895508 0.46132740378379821777 0.098680987954139709473 0.01464541163295507431 0 0 0.12474168092012405396 1.2879449129104614258 0.95651358366012573242 0.63885837793350219727 0.90596091747283935547 0.73606318235397338867 0.0057385894469916820526 0.16752316057682037354 0.73671644926071166992 0.25512552261352539063 0.029551651328802108765 0.0095861079171299934387 0.042774587869644165039 0.032524425536394119263 0 0 0 0 0 nan nan nan nan nan nan nan nan nan nan nan nan nan nan nan nan nan nan nan nan nan nan nan nan nan nan nan nan nan nan nan nan nan
0.87825572490692138672 0.4923572838306427002 0.066683277487754821777 0.59309035539627075195 0.68476223945617675781 0.23672108352184295654 0.10054261982440948486 0.1095050424337387085 1.1126663684844970703 1.7329581975936889648 0.61977136135101318359 0.2075449526309967041 1.0290467739105224609 0 0 0.0018646521493792533875 0.17222362756729125977 1.0957988500595092773 0.32667663693428039551 0.10472705215215682983 0.43064916133880615234 0.25961273908615112305 0 0 0 0 0 0 nan nan nan nan nan nan nan nan nan nan nan nan nan nan nan nan nan nan nan nan nan nan nan nan nan nan nan nan nan nan nan nan
0.52995991706848144531 0.2053457796573638916 0.061097558587789535522 0.0072403182275593280792 0.93229019641876220703 0.98573541641235351563 0.8045056462287902832 0.87621968984603881836 1.1937398910522460938 2.6864335536956787109 1.7192627191543579102 1.6382317543029785156 0.40710312128067016602 0.00070373219205066561699 0.034472599625587463379 0 0 0.1644744873046875 0.84231454133987426758 0.31575301289558410645 0.74042475223541259766 0.0072986790910363197327 0.015972321853041648865 0 0 0 0 0 nan nan nan nan nan nan nan nan nan nan nan nan nan nan nan nan nan nan nan nan nan nan nan nan nan nan nan nan nan nan nan nan
0.37630140781402587891 0.88551479578018188477 0.52458608150482177734 0.076093278825283050537 0.57445061206817626953 0.21639703214168548584 0.18370831012725830078 0.12940606474876403809 2.1199715137481689453 1.0690008401870727539 0.075608320534229278564 0.93572092056274414063 0.015890216454863548279 0.069882825016975402832 0.36276033520698547363 0.060132253915071487427 0.032518558204174041748 0.18015521764755249023 1.0742686986923217773 0.75016534328460693359 0.21279254555702209473 0.088535644114017486572 0.20232826471328735352 0.015906920656561851501 0 0 0 0 0 nan nan nan nan nan nan nan nan nan nan nan nan nan nan nan nan nan nan nan nan nan nan nan nan nan nan nan nan nan nan nan
0.59922230243682861328 0.41457861661911010742 0.40061628818511962891 0.24545429646968841553 0.016285831108689308167 0.07887484133243560791 1.5986057519912719727 1.0648168325424194336 0.41835561394691467285 0.041714735329151153564 0 0.90652692317962646484 0.015394450165331363678 0.62819230556488037109 0.76683866977691650391 0.62178570032119750977 0.27671101689338684082 0.34749552607536315918 1.3014332056045532227 0.31045961380004882813 0.061135224997997283936 0.25824695825576782227 0.64965385198593139648 0.15671116113662719727 0 0 0 0 0 0 nan nan nan nan nan nan nan nan nan nan nan nan nan nan nan nan nan nan nan nan nan nan nan nan nan nan nan nan nan nan
1.2351585626602172852 0.69494718313217163086 1.0622752904891967773 0.9133746027946472168 0.19697932898998260498 0.76949751377105712891 1.0939860343933105469 0.30515420436859130859 0.24563132226467132568 0.11883734166622161865 0.17447629570960998535 0.90609031915664672852 0.15475387871265411377 1.3800359964370727539 0.82087439298629760742 1.1777601242065429688 0.24717703461647033691 1.0545593500137329102 1.1623022556304931641 0.70453560352325439453 0.565486907958984375 0.28741234540939331055 0.49993777275085449219 0.23218047618865966797 0 0 0 0 0 0 0 nan nan nan nan nan nan nan nan nan nan nan nan nan nan nan nan nan nan nan nan nan nan nan nan nan nan nan nan nan
1.0370154380798339844 0.92248642444610595703 0.64766448736190795898 0.93679243326187133789 0.61767333745956420898 1.2709332704544067383 1.1709936857223510742 1.1451624631881713867 2.1643259525299072266 1.0254294872283935547 1.4832577705383300781 1.0745280981063842773 1.1443641185760498047 4.0822477340698242188 2.1008355617523193359 0.65126258134841918945 1.0230516195297241211 0.45023214817047119141 0.70198702812194824219 0.23177166283130645752 0.6191603541374206543 1.3414061069488525391 0.71858888864517211914 0.035567611455917358398 0 0 0 0 0 0 0 nan nan nan nan nan nan nan nan nan nan nan nan nan nan nan nan nan nan nan nan nan nan nan nan nan nan nan nan nan
0.79480779170989990234 0.35343566536903381348 0.78789019584655761719 0.90066725015640258789 0.8640606999397277832 1.7391178607940673828 2.1038072109222412109 2.2966470718383789063 1.5155316591262817383 0.648777008056640625 0.69455713033676147461 0.84664750099182128906 0.013757937587797641754 1.7507653236389160156 2.1432728767395019531 1.2285534143447875977 0.14898830652236938477 0.74322527647018432617 0.24788476526737213135 0.74411892890930175781 0.33236494660377502441 1.1071456670761108398 1.046680450439453125 0.36763966083526611328 0.063822858035564422607 0 0 0 0.03071041591465473175 0.090997569262981414795 0.044432584196329116821 0.091123245656490325928 nan nan nan nan nan nan nan nan nan nan nan nan nan nan nan nan nan nan nan nan nan nan nan nan nan nan nan nan
1.3217235803604125977 0.87532216310501098633 0.79169487953186035156 0.28679814934730529785 1.435196995735168457 1.6270275115966796875 1.3847595453262329102 1.6753695011138916016 0.52266097068786621094 0.98343217372894287109 0.8226611018180847168 1.4469770193099975586 0.023874036967754364014 0.93632394075393676758 1.4274618625640869141 0.75910264253616333008 0.046981934458017349243 0.43806317448616027832 0.82326948642730712891 1.0099306106567382813 0.80846452713012695313 0.36661016941070556641 0.17174196243286132813 0.65054517984390258789 0.57554912567138671875 0.081656865775585174561 0.016564931720495223999 0.074187047779560089111 0.36371147632598876953 0.81369531154632568359 0.54812902212142944336 0.73424679040908813477 0.30103242397308349609 nan nan nan nan nan nan nan nan nan nan nan nan nan nan nan nan nan nan nan nan nan nan nan nan nan nan nan
1.0087522268295288086 0.99121338129043579102 0.35448506474494934082 0.53686088323593139648 1.1026083230972290039 0.42083525657653808594 0.21512126922607421875 0.93193280696868896484 0.17311102151870727539 0.027036286890506744385 0.16093699634075164795 1.1844549179077148438 0.096639089286327362061 0.85301786661148071289 0.95546752214431762695 0 0 0.20182579755783081055 1.3752284049987792969 1.9388365745544433594 1.8393584489822387695 0.65934216976165771484 0 0.039104145020246505737 0.46613806486129760742 0.72276186943054199219 0.20281544327735900879 0.66371369361877441406 0.98284673690795898438 0.60833323001861572266 1.5436738729476928711 1.0352389812469482422 0.13640962541103363037 0.050026822835206985474 nan nan nan nan nan nan nan nan nan nan nan nan nan nan nan nan nan nan nan nan nan nan nan nan nan nan
0.99838459491729736328 1.4915887117385864258 0.70698493719100952148 0.71155893802642822266 0.94391560554504394531 1.1743941307067871094 0.68057650327682495117 0.48946547508239746094 0.15991416573524475098 0.31968274712562561035 0.9118741154670715332 1.6914404630661010742 0.65365022420883178711 0.23395524919033050537 1.5317049026489257813 0 0 0.19662052392959594727 1.4501719474792480469 2.2375519275665283203 1.6693563461303710938 1.0107088088989257813 0.0016970928991213440895 0.0032514187041670084 0.039894916117191314697 0.6116008758544921875 0.70300710201263427734 0.59267860651016235352 0.5324065089225769043 0.13722051680088043213 0.37651076912879943848 0.49409583210945129395 0.14973691105842590332 0.40827786922454833984 1.1183743476867675781 nan nan nan nan nan nan nan nan nan nan nan nan nan nan nan nan nan nan nan nan nan nan nan nan nan
1.3649083375930786133 1.4905103445053100586 1.3982894420623779297 1.458285212516784668 2.3823835849761962891 2.0935811996459960938 0.87785780429840087891 1.0041550397872924805 0.94277989864349365234 0.8435955047607421875 1.4127228260040283203 1.1629755496978759766 0.018465425819158554077 0.017139974981546401978 0.84888732433319091797 0.16335731744766235352 0.087507210671901702881 0.20281502604484558105 1.3578772544860839844 1.3878542184829711914 0.1201528012752532959 0.025548420846462249756 0.10380858927965164185 0.090464502573013305664 0.39623099565505981445 1.248694300651550293 1.2422509193420410156 0.91885292530059814453 0.9243138432502746582 1.1226724386215209961 1.9109398126602172852 1.7022939920425415039 0.45071756839752197266 0.0079368343576788902283 0.45343479514122009277 0.55213743448257446289 nan nan nan nan nan nan nan nan nan nan nan nan nan nan nan nan nan nan nan nan nan nan nan nan
0.86441338062286376953 0.05625049397349357605 1.043011784553527832 1.3544555902481079102 1.7771285772323608398 2.1603028774261474609 1.779650568962097168 2.0119261741638183594 1.0399612188339233398 0.36227309703826904297 0.27848228812217712402 1.7425177097320556641 0.15846379101276397705 0.16422097384929656982 0.68532782793045043945 1.607657313346862793 1.0788611173629760742 0.36834004521369934082 2.3303942680358886719 2.0218820571899414063 0.32063406705856323242 0.21244737505912780762 0.80418008565902709961 0.65467160940170288086 0.65699583292007446289 1.0429564714431762695 0.30599132180213928223 0.56382393836975097656 0.43375605344772338867 0.026533940806984901428 0.75293010473251342773 1.1566216945648193359 0.59080243110656738281 0.1132815927267074585 0.0062329252250492572784 0.72275012731552124023 nan nan nan nan nan nan nan nan nan nan nan nan nan nan nan nan nan nan nan nan nan nan nan nan
