results/DensidadCaminos_atlas.asc
ncols        411
nrows        381
xllcorner    -85.974999999997
yllcorner    8.041666666663
cellsize     0.008333333333
NODATA_value nan
[rows 0 to 26 of 381, columns 0 to 59 of 411]
nan nan nan nan nan nan nan nan nan nan nan nan nan nan nan nan nan nan nan nan nan nan nan nan nan nan nan nan nan nan nan nan nan nan nan nan nan nan nan nan nan nan nan 0.70067447423934936523 1.4084624052047729492 0.68792319297790527344 0 0 0.11309275776147842407 0.24500010907649993896 nan nan nan nan nan nan nan nan nan nan
nan nan nan nan nan nan nan nan nan nan nan nan nan nan nan nan nan nan nan nan nan nan nan nan nan nan nan nan nan nan nan nan nan nan nan nan nan nan nan nan nan nan 0.4533850550651550293 0.58588778972625732422 0.07794440537691116333 0 0.044654153287410736084 0.18896497786045074463 0.9848887324333190918 1.6077286005020141602 0.55297732353210449219 nan nan nan nan nan nan nan nan nan
nan nan nan nan nan nan nan nan nan nan nan nan nan nan nan nan nan nan nan nan nan nan nan nan nan nan nan nan nan nan nan nan nan nan nan nan nan nan nan nan nan 0.23766459524631500244 0.54822021722793579102 0.25039693713188171387 0 0 0.27295631170272827148 1.2391396760940551758 1.9865434169769287109 0.75969415903091430664 0.24997237324714660645 0.17355962097644805908 nan nan nan nan nan nan nan nan
nan nan nan nan nan nan nan nan nan nan nan nan nan nan nan nan nan nan nan nan nan nan nan nan nan nan nan nan nan nan nan nan nan nan nan nan nan nan nan nan nan 0.2274745553731918335 0.62521636486053466797 0.43037194013595581055 0.1604747474193572998 0.086603485047817230225 0.044251080602407455444 0.6090882420539855957 1.2499481439590454102 0.46335774660110473633 0.015569828450679779053 0.67173093557357788086 0.35595607757568359375 nan nan nan nan nan nan nan
nan nan nan nan nan nan nan nan nan nan nan nan nan nan nan nan nan nan nan nan nan nan nan nan nan nan nan nan nan nan nan nan nan nan nan nan nan nan nan nan 0.013206084258854389191 0.075011521577835083008 0.61579036712646484375 1.071018218994140625 1.1529825925827026367 0.79327237606048583984 0.47298943996429443359 0.74078321456909179688 0.95964437723159790039 0.52291345596313476563 0.28782385587692260742 0.81867742538452148438 1.1667666435241699219 0.29171311855316162109 nan nan nan nan nan nan
nan nan nan nan nan nan nan nan nan nan nan nan nan nan nan nan nan nan nan nan nan nan nan nan nan nan nan nan nan nan nan nan nan nan nan nan nan nan nan nan 0.20325143635272979736 0.61446785926818847656 1.1190609931945800781 0.70097756385803222656 1.1003172397613525391 1.7873246669769287109 1.395422816276550293 1.1078844070434570313 1.2691293954849243164 1.8034471273422241211 1.4585351943969726563 1.3486015796661376953 1.7081131935119628906 0.93869620561599731445 0.27410003542900085449 nan nan nan nan nan
nan nan nan nan nan nan nan nan nan nan nan nan nan nan nan nan nan nan nan nan nan nan nan nan nan nan nan nan nan nan nan nan nan nan nan nan nan nan nan 0.25745940208435058594 0.85195297002792358398 1.0744529962539672852 1.3749775886535644531 0.79795211553573608398 0.47869434952735900879 1.2970020771026611328 1.1259374618530273438 0.75750130414962768555 0.86338305473327636719 1.8584178686141967773 1.7246202230453491211 1.3414484262466430664 0.67929559946060180664 1.4266592264175415039 1.2711243629455566406 0.13882374763488769531 0.15275843441486358643 0.13508595526218414307 nan nan
nan nan nan nan nan nan nan nan nan nan nan nan nan nan nan nan nan nan nan nan nan nan nan nan nan nan nan nan nan nan nan nan nan nan nan nan nan nan 0.01318720448762178421 0.36148130893707275391 0.71592831611633300781 0.90982866287231445313 1.8116922378540039063 0.74572390317916870117 0.54936128854751586914 1.4466655254364013672 1.1753799915313720703 0.73740845918655395508 0.55840444564819335938 0.21345598995685577393 0.14129900932312011719 0.7436695098876953125 0.20914360880851745605 0.68492299318313598633 0.27324762940406799316 0.019865233451128005981 1.0442981719970703125 0.85763031244277954102 0.796047210693359375 0
nan nan nan nan nan nan nan nan nan nan nan nan nan nan nan nan nan nan nan nan nan nan nan nan nan nan nan nan nan nan nan nan nan nan nan nan nan nan 0.10672843456268310547 0.55824309587478637695 0.6112473607063293457 0.70979613065719604492 1.1442373991012573242 0.18149565160274505615 0.89600473642349243164 1.2768683433532714844 1.2676144838333129883 1.4739785194396972656 0.71841955184936523438 0.27022546529769897461 0.2218875586986541748 0.56544786691665649414 0.15231804549694061279 0.10470297187566757202 0.019354341551661491394 0 0.62555241584777832031 0.14575442671775817871 0.86913514137268066406 0
nan nan nan nan nan nan nan nan nan nan nan nan nan nan nan nan nan nan nan nan nan nan nan nan nan nan nan nan nan nan nan nan nan nan nan nan nan 0.037657003849744796753 0.25259882211685180664 0.42989000678062438965 0.15828116238117218018 0.51607203483581542969 1.2047592401504516602 1.1196830272674560547 0.84138268232345581055 0.46127483248710632324 0.64785754680633544922 1.3160104751586914063 1.1161569356918334961 1.4068267345428466797 1.4338400363922119141 0.34436932206153869629 0 0 0 0 0 0 0.32661604881286621094 0.0020727997180074453354
nan nan nan nan nan nan nan nan nan nan nan nan nan nan nan nan nan nan nan nan nan nan nan nan nan nan nan nan nan nan nan nan nan nan nan nan nan 0.30553272366523742676 0.73498177528381347656 0.46940562129020690918 1.0807656049728393555 0.61241716146469116211 0.31788495182991027832 0.53197115659713745117 0.25606796145439147949 0.043220732361078262329 0.67338836193084716797 1.1823812723159790039 1.0501424074172973633 0.74732249975204467773 0.47869181632995605469 0.10508021712303161621 0 0 0 0 0 0 0.04533160477876663208 0.14586059749126434326
nan nan nan nan nan nan nan nan nan nan nan nan nan nan nan nan nan nan nan nan nan nan nan nan nan nan nan nan nan nan nan nan nan nan nan nan 0.12354172021150588989 0.63896250724792480469 0.95054352283477783203 1.004038691520690918 0.78911048173904418945 0.44022917747497558594 0.0037721719127148389816 0.51237177848815917969 0.56346416473388671875 0.2705090641975402832 0.61233562231063842773 0.75501900911331176758 1.4567201137542724609 0.79124534130096435547 0.75524502992630004883 0.24380688369274139404 0 0 0 0 0 0.042919855564832687378 0.42791587114334106445 0.82776415348052978516
nan nan nan nan nan nan nan nan nan nan nan nan nan nan nan nan nan nan nan nan nan nan nan nan nan nan nan nan nan nan nan nan nan nan nan 0.038647990673780441284 0.5038807988166809082 1.2962647676467895508 0.76470530033111572266 1.350368499755859375 1.26911163330078125 1.0418176651000976563 0.11461260169744491577 1.0388443470001220703 1.1346299648284912109 0.0092374570667743682861 0 0.13729499280452728271 0.81356793642044067383 0.85735970735549926758 0.34046888351440429688 0.077487349510192871094 0.0089010642841458320618 0 0 0 0.091363310813903808594 0.36597523093223571777 0.90992873907089233398 0.00096131704049184918404
nan nan nan nan nan nan nan nan nan nan nan nan nan nan nan nan nan nan nan nan nan nan nan nan nan nan nan nan nan nan nan nan nan nan nan 0.31455188989639282227 1.0146679878234863281 0.56945860385894775391 0.25193670392036437988 0.98531943559646606445 1.0041872262954711914 0.81191456317901611328 0.73301106691360473633 1.0798345804214477539 1.0512359142303466797 0.051866739988327026367 0.0044158590026199817657 0.13605289161205291748 0.082290358841419219971 0.40283885598182678223 0.9947230219841003418 0.48428401350975036621 0.055630285292863845825 0 0 0.019527209922671318054 0.69037127494812011719 0.61987584829330444336 0.0054452307522296905518 0.011735378764569759369
nan nan nan nan nan nan nan nan nan nan nan nan nan nan nan nan nan nan nan nan nan nan nan nan nan nan nan nan nan nan nan nan nan nan 0.15085832774639129639 0.8929125666618347168 0.065951757133007049561 0 0.0080915708094835281372 0.36110886931419372559 1.2070013284683227539 1.3235181570053100586 1.1905306577682495117 1.6018340587615966797 1.3853725194931030273 0.44842398166656494141 0.093270763754844665527 0.90376603603363037109 0.66649109125137329102 0.15153828263282775879 0.18922200798988342285 0.100961342453956604 0.013527313247323036194 0 0 0.2089640200138092041 0.98636806011199951172 0.10967575013637542725 0.00058586400700733065605 0.20225282013416290283
nan nan nan nan nan nan nan nan nan nan nan nan nan nan nan nan nan nan nan nan nan nan nan nan nan nan nan nan nan nan nan nan nan nan 0.2671597599983215332 0.91086268424987792969 0.11807952076196670532 0.080287411808967590332 0 0.13260364532470703125 1.2745670080184936523 2.0544033050537109375 1.1731808185577392578 1.2944111824035644531 0.72783446311950683594 0.84393769502639770508 0.46754616498947143555 0.37443661689758300781 0.97853296995162963867 0.91146832704544067383 1.2822347879409790039 0.75165027379989624023 0.22607322037220001221 0.059688288718461990356 0.0059090782888233661652 0.54390597343444824219 1.5400259494781494141 0.61876678466796875 0.020871078595519065857 1.1571187973022460938
nan nan nan nan nan nan nan nan nan nan nan nan nan nan nan nan nan nan nan nan nan nan nan nan nan nan nan nan nan nan nan nan nan nan nan 1.5433443784713745117 0.7912032008171081543 0.57046329975128173828 0.1229068562388420105 0.5278523564338684082 2.0556392669677734375 2.4667184352874755859 0.99315398931503295898 0.41169750690460205078 0.11344759911298751831 0.59048670530319213867 0.43082013726234436035 0.31346440315246582031 0.19023284316062927246 0.12697090208530426025 0.85193026065826416016 0.84889423847198486328 0.89689964056015014648 0.37533068656921386719 0.037157345563173294067 0 0.2592862248420715332 0.96120965480804443359 0.3533999323844909668 0.7105166316032409668
nan nan nan nan nan nan nan nan nan nan nan nan nan nan nan nan nan nan nan nan nan nan nan nan nan nan nan nan nan nan nan nan nan nan nan nan 0.4227955937385559082 0.55263119935989379883 0.93118941783905029297 1.1932845115661621094 3.0826904773712158203 3.8432104587554931641 0.86366635560989379883 0.77533364295959472656 0.81465238332748413086 1.0154509544372558594 0.50442802906036376953 0.048636149615049362183 0.12763476371765136719 0.72968471050262451172 1.6119085550308227539 0.67027133703231811523 0.057378508150577545166 0 0 0 0 0 1.6776567697525024414 0.0020321351476013660431
nan nan nan nan nan nan nan nan nan nan nan nan nan nan nan nan nan nan nan nan nan nan nan nan nan nan nan nan nan nan nan nan nan nan nan nan nan 0.87935793399810791016 1.0353767871856689453 1.3178973197937011719 1.0432997941970825195 0.94704848527908325195 0.41884216666221618652 0.80236303806304931641 0.81766897439956665039 0.064991168677806854248 0.067519702017307281494 0.42692235112190246582 0.80333995819091796875 0.29532697796821594238 0 0 0 0 0 0 0 0.056293185800313949585 0.91820067167282104492 0.016341252252459526062
nan nan nan nan nan nan nan nan nan nan nan nan nan nan nan nan nan nan nan nan nan nan nan nan nan nan nan nan nan nan nan nan nan nan nan nan nan 0.1038214564323425293 0.47285228967666625977 1.0170609951019287109 1.0019023418426513672 1.2743080854415893555 1.1201397180557250977 0.96249973773956298828 1.4120446443557739258 0.85018521547317504883 0.72005474567413330078 0.8900159001350402832 0.44202443957328796387 0.10781396180391311646 0.022275172173976898193 0 0 0 0 0 0 0.50349992513656616211 0.61396867036819458008 0.15428790450096130371
nan nan nan nan nan nan nan nan nan nan nan nan nan nan nan nan nan nan nan nan nan nan nan nan nan nan nan nan 0 0 0 nan nan nan nan nan nan 0.84911715984344482422 1.2748650312423706055 0.21948611736297607422 0.20944243669509887695 0.96253937482833862305 2.0173082351684570313 1.5141915082931518555 1.6904600858688354492 3.0462803840637207031 2.0275244712829589844 0.90595084428787231445 1.1843416690826416016 0.78449320793151855469 0.25212448835372924805 0.12636815011501312256 0.098436124622821807861 0.01688552461564540863 0 0 0.31002867221832275391 1.2623112201690673828 0.74452924728393554688 0.95595258474349975586
nan nan nan nan nan nan nan nan nan nan nan nan nan nan nan nan nan nan nan nan nan nan nan nan nan nan nan nan nan 0 0 nan nan nan nan nan 0.53344458341598510742 1.3142770528793334961 0.72944420576095581055 1.2037082910537719727 1.3825426101684570313 0.95639324188232421875 0.49722638726234436035 0.93974024057388305664 1.7831991910934448242 1.7837866544723510742 1.1233958005905151367 0.53160595893859863281 0.87540435791015625 0.64140093326568603516 0.70455509424209594727 0.80281406641006469727 0.70888191461563110352 0.24192573130130767822 0.12946240603923797607 0.4017848968505859375 2.2695560455322265625 2.3111681938171386719 1.3565974235534667969 0.76103705167770385742
nan nan nan nan nan nan nan nan nan nan nan nan nan nan nan nan nan nan nan nan nan nan nan nan nan nan nan 0 0 0 0 0 0 0.010872359387576580048 0.10711028426885604858 0.3686211705207824707 1.3212180137634277344 0.64624696969985961914 0.22291451692581176758 0.7165012359619140625 1.1814123392105102539 0.62553554773330688477 0.56211882829666137695 0.98557174205780029297 1.090960383415222168 0.81298881769180297852 0.29412138462066650391 0.54570406675338745117 0.22560261189937591553 0 0 0 0.53169101476669311523 0.85720723867416381836 0.9532635807991027832 2.5781958103179931641 2.0269329547882080078 1.47878265380859375 0.012917874380946159363 0.048632692545652389526
nan nan nan nan nan nan nan nan nan nan nan nan nan nan nan nan nan nan nan nan nan nan nan nan nan nan nan 0 0 0 0 0 0 0.069357179105281829834 0.68757331371307373047 0.9740054011344909668 1.0870276689529418945 0.042690377682447433472 0 0.36313661932945251465 0.79272043704986572266 0.13116613030433654785 0.53692775964736938477 1.2164151668548583984 0.90645378828048706055 0.62938141822814941406 0.32113084197044372559 0 0 0 0 0 0 0 0.93310272693634033203 0.14617328345775604248 0.8782208561897277832 0.25759324431419372559 0.0019992664456367492676 0
nan nan nan nan nan nan nan nan nan nan nan nan nan nan nan nan nan nan nan nan nan nan nan nan nan nan nan nan 0 0 0 0 0 0.011239190585911273956 0.14156453311443328857 0.59635549783706665039 1.4505035877227783203 0.38257309794425964355 0.079393349587917327881 0.25103557109832763672 0.59245985746383666992 0.76018768548965454102 0.8542512059211730957 0.60872542858123779297 0 0.014138652943074703217 0.011551352217793464661 0 0 0 0 0 0 0.10166603326797485352 0.7197475433349609375 0.14245769381523132324 0.82916599512100219727 0.039683066308498382568 0 0
nan nan nan nan nan nan nan nan nan nan nan nan nan nan nan nan nan nan nan nan nan nan nan nan nan nan nan nan nan nan nan 0 0 0.086419776082038879395 0.84784466028213500977 0.87698727846145629883 0.24543684720993041992 0.75916242599487304688 0.69193261861801147461 0.79481810331344604492 0.87351089715957641602 1.4186804294586181641 0.30541461706161499023 0 0 0 0 0 0 0 0 0 0 0.72460705041885375977 0.17404156923294067383 0.26150497794151306152 0.023057011887431144714 0 0 0
nan nan nan nan nan nan nan nan nan nan nan nan nan nan nan nan nan nan nan nan nan nan nan nan nan nan nan nan nan nan nan nan 0.0040222657844424247742 0.16877093911170959473 0.95438992977142333984 0 0 0.37582728266716003418 1.2801373004913330078 0.75775086879730224609 1.1376644372940063477 0.9931380152702331543 0.094450682401657104492 0 0 0 0 0 0 0 0 0 0 0.56166553497314453125 0.36053544282913208008 0.034776654094457626343 0 0 0 0
