results/DensidadCaminos_atlas.asc
ncols        411
nrows        381
xllcorner    -85.974999999997
yllcorner    8.041666666663
cellsize     0.008333333333
NODATA_value nan
[rows 189 to 215 of 381, columns 120 to 179 of 411]
nan nan nan nan nan nan nan nan nan nan nan nan nan nan nan nan nan nan nan nan nan nan nan nan nan nan nan nan nan nan nan nan nan nan nan nan nan nan 0.88387823104858398438 1.1146860122680664063 0.4608688056468963623 0.8261635899543762207 1.429201960563659668 0.53613424301147460938 0.033463582396507263184 0.058665391057729721069 0.89460086822509765625 0.90384078025817871094 0.87374389171600341797 0.49811717867851257324 1.3418692350387573242 2.9495484828948974609 0.91304737329483032227 1.190983891487121582 2.4871356487274169922 0.61071366071701049805 0.15391202270984649658 1.3437483310699462891 2.7385668754577636719 1.9652237892150878906
nan nan nan nan nan nan nan nan nan nan nan nan nan nan nan nan nan nan nan nan nan nan nan nan nan nan nan nan nan nan nan nan nan nan nan nan 0 nan 0.57238316535949707031 1.3251129388809204102 1.4542027711868286133 1.9837566614151000977 0.95522516965866088867 0.10367452353239059448 0.013609654270112514496 0.65870547294616699219 1.8785835504531860352 0.4274768829345703125 0.82387995719909667969 2.0922994613647460938 0.86774009466171264648 1.4732202291488647461 1.4446080923080444336 1.3754187822341918945 2.0007181167602539063 0.32562482357025146484 0.17732858657836914063 0.32122713327407836914 1.4257129430770874023 1.7760474681854248047
nan nan nan nan nan nan nan nan nan nan nan nan nan nan nan nan nan nan nan nan nan nan nan nan nan nan nan nan nan nan nan nan nan nan nan nan nan nan nan nan nan 1.9988789558410644531 1.2973043918609619141 0.68557006120681762695 0.25166046619415283203 0.99781095981597900391 1.106930851936340332 0.16151449084281921387 0.54790282249450683594 1.4305487871170043945 1.2117074728012084961 0.14535041153430938721 1.0774326324462890625 0.10025186091661453247 1.0729725360870361328 1.5286921262741088867 1.8353937864303588867 0.92150205373764038086 1.5745077133178710938 2.2811334133148193359
nan nan nan nan nan nan nan nan nan nan nan nan nan nan nan nan nan nan nan nan nan nan nan nan nan nan nan nan nan nan nan nan nan nan nan nan nan nan nan nan nan nan 3.0383818149566650391 1.4882791042327880859 1.1958252191543579102 0.51889789104461669922 0.97878301143646240234 0.16970895230770111084 0 1.0470337867736816406 0.90917402505874633789 0.092648729681968688965 0.73346722126007080078 0.60851782560348510742 1.122586369514465332 0.96800321340560913086 1.4028229713439941406 0.10148432105779647827 0.50121706724166870117 1.3822047710418701172
nan nan nan nan nan nan nan nan nan nan nan nan nan nan nan nan nan nan nan nan nan nan nan nan nan nan nan nan nan nan nan nan nan nan nan nan nan nan nan nan nan nan nan 1.4960442781448364258 0.41932061314582824707 1.634631037712097168 0.48086938261985778809 0.11993318051099777222 0.10434844344854354858 1.7445200681686401367 0.98275089263916015625 0.032737106084823608398 0.073937147855758666992 2.1897079944610595703 1.5802898406982421875 0.41549381613731384277 0.2867857515811920166 1.0025070905685424805 0.88353395462036132813 1.0798729658126831055
nan nan nan nan nan nan nan nan nan nan nan nan nan nan nan nan nan nan nan nan nan nan nan nan nan nan nan nan nan nan nan nan nan nan nan nan nan nan nan nan nan nan 2.807220458984375 2.8887712955474853516 1.2773166894912719727 0.93410909175872802734 1.0501016378402709961 1.2390172481536865234 1.1740515232086181641 1.0050338506698608398 1.0765707492828369141 0.42747566103935241699 0.31487756967544555664 2.0558655261993408203 0.075141832232475280762 0.72329282760620117188 0.37382298707962036133 0.3242250978946685791 1.5260158777236938477 1.4022709131240844727
nan nan nan nan nan nan nan nan nan nan nan nan nan nan nan nan nan nan nan nan nan nan nan nan nan nan nan nan nan nan nan nan nan nan nan nan nan nan nan nan nan nan nan 1.8272365331649780273 0.48640295863151550293 0.89435929059982299805 1.457142949104309082 1.3952853679656982422 1.7716645002365112305 1.2444375753402709961 0.25903633236885070801 1.833578944206237793 1.3243402242660522461 1.0348335504531860352 0.064585976302623748779 0.62097525596618652344 0.37480214238166809082 0.52267873287200927734 1.0594737529754638672 0.9334049224853515625
nan nan nan nan nan nan nan nan nan nan nan nan nan nan nan nan nan nan nan nan nan nan nan nan nan nan nan nan nan nan nan nan nan nan nan nan nan nan nan nan nan nan nan nan 0.85122060775756835938 1.6267564296722412109 1.1140370368957519531 1.6482937335968017578 1.2534145116806030273 0.65472656488418579102 0.99782568216323852539 1.2957693338394165039 1.0174756050109863281 1.4132707118988037109 0.24084235727787017822 1.0850405693054199219 0.24734002351760864258 0.92217659950256347656 0.63254684209823608398 1.7541573047637939453
nan nan nan nan nan nan nan nan nan nan nan nan nan nan nan nan nan nan nan nan nan nan nan nan nan nan nan nan nan nan nan nan nan nan nan nan nan nan nan nan nan nan nan nan nan nan 0.95391237735748291016 0.26067149639129638672 0.014358286745846271515 0.459102630615234375 3.2972559928894042969 1.5206915140151977539 2.5954260826110839844 2.2054734230041503906 1.3378020524978637695 0.98544508218765258789 0.8157488703727722168 0.92925864458084106445 1.2795861959457397461 2.0548217296600341797
nan nan nan nan nan nan nan nan nan nan nan nan nan nan nan nan nan nan nan nan nan nan nan nan nan nan nan nan nan nan nan nan nan nan nan nan nan nan nan nan nan nan nan nan nan nan nan 0.39139437675476074219 0.073520459234714508057 0.49264675378799438477 0.94552564620971679688 1.4624042510986328125 0.47161874175071716309 1.0228508710861206055 0.95237219333648681641 0.21036408841609954834 0.64416545629501342773 0.64979445934295654297 0.29213026165962219238 1.331170201301574707
nan nan nan nan nan nan nan nan nan nan nan nan nan nan nan nan nan nan nan nan nan nan nan nan nan nan nan nan nan nan nan nan nan nan nan nan nan nan nan nan nan nan nan nan nan nan nan nan 0.59840506315231323242 0.044681690633296966553 1.4971526861190795898 1.7910653352737426758 0.4345931708812713623 1.8293808698654174805 1.6892740726470947266 1.4277539253234863281 1.0967000722885131836 0.89882004261016845703 0.43130445480346679688 1.0730054378509521484
nan nan nan nan nan nan nan nan nan nan nan nan nan nan nan nan nan nan nan nan nan nan nan nan nan nan nan nan nan nan nan nan nan nan nan nan nan nan nan nan nan nan nan nan nan nan nan nan nan nan 0.028743330389261245728 0.93290865421295166016 0.61835819482803344727 0.3552449345588684082 1.5673395395278930664 0.57443779706954956055 1.8815515041351318359 0.89714056253433227539 1.2323061227798461914 1.0930169820785522461
nan nan nan nan nan nan nan nan nan nan nan nan nan nan nan nan nan nan nan nan nan nan nan nan nan nan nan nan nan nan nan nan nan nan nan nan nan nan nan nan nan nan nan nan nan nan nan nan nan nan nan 0.52799457311630249023 0.040247689932584762573 0.17155452072620391846 0.91746377944946289063 1.2130239009857177734 2.0226371288299560547 1.5280568599700927734 1.7427084445953369141 1.4342687129974365234
nan nan nan nan nan nan nan nan nan nan nan nan nan nan nan nan nan nan nan nan nan nan nan nan nan nan nan nan nan nan nan nan nan nan nan nan nan nan nan nan nan nan nan nan nan nan nan nan nan nan nan nan 0.49270179867744445801 1.2090607881546020508 1.2745858430862426758 1.8469873666763305664 1.7600224018096923828 nan nan nan
nan nan nan nan nan nan nan nan nan nan nan nan nan nan nan nan nan nan nan nan nan nan nan nan nan nan nan nan nan nan nan nan nan nan nan nan nan nan nan nan nan nan nan nan nan nan nan nan nan nan nan nan nan 0 nan nan nan nan nan nan
nan nan nan nan nan nan nan nan nan nan nan nan nan nan nan nan nan nan nan nan nan nan nan nan nan nan nan nan nan nan nan nan nan nan nan nan nan nan nan nan nan nan nan nan nan nan nan nan nan nan nan nan nan nan nan nan nan nan nan nan
nan nan nan nan nan nan nan nan nan nan nan nan nan nan nan nan nan nan nan nan nan nan nan nan nan nan nan nan nan nan nan nan nan nan nan nan nan nan nan nan nan nan nan nan nan nan nan nan nan nan nan nan nan nan nan nan nan nan nan nan
nan nan nan nan nan nan nan nan nan nan nan nan nan nan nan nan nan nan nan nan nan nan nan nan nan nan nan nan nan nan nan nan nan nan nan nan nan nan nan nan nan nan nan nan nan nan nan nan nan nan nan nan nan nan nan nan nan nan nan nan
nan nan nan nan nan nan nan nan nan nan nan nan nan nan nan nan nan nan nan nan nan nan nan nan nan nan nan nan nan nan nan nan nan nan nan nan nan nan nan nan nan nan nan nan nan nan nan nan nan nan nan nan nan nan nan nan nan nan nan nan
nan nan nan nan nan nan nan nan nan nan nan nan nan nan nan nan nan nan nan nan nan nan nan nan nan nan nan nan nan nan nan nan nan nan nan nan nan nan nan nan nan nan nan nan nan nan nan nan nan nan nan nan nan nan nan nan nan nan nan nan
nan nan nan nan nan nan nan nan nan nan nan nan nan nan nan nan nan nan nan nan nan nan nan nan nan nan nan nan nan nan nan nan nan nan nan nan nan nan nan nan nan nan nan nan nan nan nan nan nan nan nan nan nan nan nan nan nan nan nan nan
nan nan nan nan nan nan nan nan nan nan nan nan nan nan nan nan nan nan nan nan nan nan nan nan nan nan nan nan nan nan nan nan nan nan nan nan nan nan nan nan nan nan nan nan nan nan nan nan nan nan nan nan nan nan nan nan nan nan nan nan
nan nan nan nan nan nan nan nan nan nan nan nan nan nan nan nan nan nan nan nan nan nan nan nan nan nan nan nan nan nan nan nan nan nan nan nan nan nan nan nan nan nan nan nan nan nan nan nan nan nan nan nan nan nan nan nan nan nan nan nan
nan nan nan nan nan nan nan nan nan nan nan nan nan nan nan nan nan nan nan nan nan nan nan nan nan nan nan nan nan nan nan nan nan nan nan nan nan nan nan nan nan nan nan nan nan nan nan nan nan nan nan nan nan nan nan nan nan nan nan nan
nan nan nan nan nan nan nan nan nan nan nan nan nan nan nan nan nan nan nan nan nan nan nan nan nan nan nan nan nan nan nan nan nan nan nan nan nan nan nan nan nan nan nan nan nan nan nan nan nan nan nan nan nan nan nan nan nan nan nan nan
nan nan nan nan nan nan nan nan nan nan nan nan nan nan nan nan nan nan nan nan nan nan nan nan nan nan nan nan nan nan nan nan nan nan nan nan nan nan nan nan nan nan nan nan nan nan nan nan nan nan nan nan nan nan nan nan nan nan nan nan
nan nan nan nan nan nan nan nan nan nan nan nan nan nan nan nan nan nan nan nan nan nan nan nan nan nan nan nan nan nan nan nan nan nan nan nan nan nan nan nan nan nan nan nan nan nan nan nan nan nan nan nan nan nan nan nan nan nan nan nan
