results/DensidadCaminos_atlas.asc
ncols        411
nrows        381
xllcorner    -85.974999999997
yllcorner    8.041666666663
cellsize     0.008333333333
NODATA_value nan
[rows 243 to 269 of 381, columns 240 to 299 of 411]
nan nan nan nan nan nan nan nan nan nan nan nan nan nan nan nan nan nan nan nan nan nan nan nan 2.6295979022979736328 1.4184263944625854492 0.87051105499267578125 0.09956661611795425415 0.26327723264694213867 0.99745374917984008789 0.79574948549270629883 0.45693469047546386719 0.94015306234359741211 1.4107534885406494141 0.81912600994110107422 0.16970996558666229248 1.220648646354675293 0.55099219083786010742 1.492916107177734375 2.5447547435760498047 3.3705492019653320313 2.2778337001800537109 2.4508161544799804688 2.1838796138763427734 1.7628886699676513672 1.5243860483169555664 1.2216681241989135742 2.7465660572052001953 0.65418028831481933594 0.17330960929393768311 0.49509671330451965332 2.0292506217956542969 2.3655161857604980469 1.686232447624206543 1.5436983108520507813 1.2735433578491210938 2.1298296451568603516 1.0164999961853027344 0.70415693521499633789 0.10075762122869491577
nan nan nan nan nan nan nan nan nan nan nan nan nan nan nan nan nan nan nan nan nan nan nan nan nan 2.0942757129669189453 2.641437530517578125 1.3052312135696411133 0.7473074793815612793 1.1866654157638549805 1.2969033718109130859 1.1946895122528076172 1.4122433662414550781 0.7297821044921875 0.67069721221923828125 0.9078324437141418457 1.6498477458953857422 1.9369186162948608398 1.8946175575256347656 2.3697016239166259766 1.6235320568084716797 1.6304949522018432617 1.3208693265914916992 1.2149826288223266602 0.23039652407169342041 0.76965463161468505859 2.6869864463806152344 3.1163871288299560547 1.8864003419876098633 2.0597758293151855469 1.3068943023681640625 1.0633569955825805664 1.2851538658142089844 1.2624889612197875977 1.7687865495681762695 2.0079290866851806641 1.4518009424209594727 1.5367763042449951172 2.3443348407745361328 0.84782338142395019531
nan nan nan nan nan nan nan nan nan nan nan nan nan nan nan nan nan nan nan nan nan nan nan nan nan nan 1.7817360162734985352 2.2336890697479248047 2.1236016750335693359 1.0624499320983886719 0.97466903924942016602 1.072871088981628418 1.0580134391784667969 0.54294675588607788086 0.10559103637933731079 0.013954862020909786224 1.1130223274230957031 1.451958775520324707 1.309384465217590332 2.0111041069030761719 2.0904266834259033203 0.9657395482063293457 1.5755318403244018555 2.5403454303741455078 2.5100526809692382813 2.0411472320556640625 1.7171738147735595703 2.8872919082641601563 2.1907610893249511719 2.2458436489105224609 0.34998470544815063477 0.37202557921409606934 1.361174464225769043 1.1260027885437011719 0.93211650848388671875 2.1690878868103027344 2.9073750972747802734 2.2436845302581787109 0.88412928581237792969 0.93350487947463989258
nan nan nan nan nan nan nan nan nan nan nan nan nan nan nan nan nan nan nan nan nan nan nan nan nan nan 1.1306965351104736328 1.0423604249954223633 0.86065477132797241211 0.82708489894866943359 0.64382082223892211914 0.82184326648712158203 0.282970428466796875 0.62246549129486083984 0.74948662519454956055 0.26528698205947875977 1.1016020774841308594 0.47165435552597045898 1.7629086971282958984 0.62040758132934570313 1.0999929904937744141 0.68081897497177124023 1.1731401681900024414 1.4764876365661621094 1.6604293584823608398 1.08925628662109375 2.2870478630065917969 2.0137307643890380859 2.6209845542907714844 1.768939971923828125 0.51679241657257080078 0.93992191553115844727 1.1368280649185180664 1.3272309303283691406 1.6656817197799682617 0.80277943611145019531 0.64826732873916625977 0.97802257537841796875 0.29904329776763916016 0.69609731435775756836
nan nan nan nan nan nan nan nan nan nan nan nan nan nan nan nan nan nan nan nan nan nan nan nan nan nan 0.89120465517044067383 1.1529529094696044922 1.0318479537963867188 1.980224609375 1.5638643503189086914 0.58471214771270751953 0.63460642099380493164 0.4109821021556854248 1.0022472143173217773 1.2336931228637695313 1.0165207386016845703 1.2191451787948608398 1.2941914796829223633 1.4100793600082397461 1.3971601724624633789 0.7110735774040222168 1.2508999109268188477 0.96424663066864013672 2.1230370998382568359 1.0636236667633056641 1.5245145559310913086 3.1640493869781494141 2.9392182826995849609 1.1968438625335693359 1.1489082574844360352 1.1104925870895385742 0.3708260655403137207 0.19708354771137237549 0.8128643035888671875 1.0978763103485107422 0.9898535609245300293 0.95735973119735717773 1.0847873687744140625 0.94341963529586791992
nan nan nan nan nan nan nan nan nan nan nan nan nan nan nan nan nan nan nan nan nan nan nan nan nan nan nan nan nan nan 3.2982933521270751953 1.6505864858627319336 1.6365972757339477539 1.6270163059234619141 0.78257274627685546875 0.20086361467838287354 0.018964413553476333618 0.056214991956949234009 0.55192577838897705078 0.48813870549201965332 1.7806645631790161133 3.0478260517120361328 1.833277583122253418 0.92646098136901855469 1.1542302370071411133 1.2815338373184204102 1.5306534767150878906 1.6638954877853393555 0.59088683128356933594 1.692244410514831543 1.6062871217727661133 0.036692116409540176392 0.071303553879261016846 0.11163755506277084351 0.18490381538867950439 0.66774427890777587891 0.81642156839370727539 0.75342458486557006836 1.0309118032455444336 0.87298297882080078125
nan nan nan nan nan nan nan nan nan nan nan nan nan nan nan nan nan nan nan nan nan nan nan nan nan nan nan nan nan nan 1.4633700847625732422 0.98518693447113037109 0.12139729410409927368 0.45514622330665588379 0.77921158075332641602 0.76818710565567016602 0.21556310355663299561 0.14095039665699005127 1.2289663553237915039 0.28074172139167785645 0 0 0.11876300722360610962 0.22928798198699951172 1.7749122381210327148 0.29580456018447875977 1.3559042215347290039 0.55374503135681152344 1.5240110158920288086 1.1684638261795043945 2.1612415313720703125 0.5033626556396484375 0.83109825849533081055 1.3163175582885742188 1.3756039142608642578 0.79371309280395507813 1.0974661111831665039 1.1241476535797119141 1.0000216960906982422 1.0846511125564575195
nan nan nan nan nan nan nan nan nan nan nan nan nan nan nan nan nan nan nan nan nan nan nan nan nan nan nan nan nan nan nan 1.2757631540298461914 1.5670130252838134766 0.74891483783721923828 0.17690306901931762695 0.058045066893100738525 0.025035571306943893433 0 0 0 0 0 0.13421717286109924316 0.8589305877685546875 1.950022578239440918 0.77944326400756835938 0.7142136693000793457 2.1571688652038574219 1.3911681175231933594 2.2805180549621582031 2.5212702751159667969 1.1168135404586791992 0.35213145613670349121 0.74969762563705444336 1.148499608039855957 0.90947258472442626953 1.0941920280456542969 0.89125901460647583008 1.1764624118804931641 1.4166059494018554688
nan nan nan nan nan nan nan nan nan nan nan nan nan nan nan nan nan nan nan nan nan nan nan nan nan nan nan nan nan nan nan nan 2.12755584716796875 1.1757749319076538086 0.13733981549739837646 0.7818698883056640625 0.43452277779579162598 0.12821969389915466309 0.058867678046226501465 0.051140226423740386963 0.064571745693683624268 0.0075645842589437961578 0 0 0.02684745006263256073 0.60156321525573730469 1.815661311149597168 3.2059066295623779297 3.1975221633911132813 1.8095554113388061523 1.4775149822235107422 1.6450845003128051758 1.4671646356582641602 2.3984026908874511719 2.5586395263671875 1.6191297769546508789 0.81384396553039550781 1.141231536865234375 0.86760979890823364258 0.83199203014373779297
nan nan nan nan nan nan nan nan nan nan nan nan nan nan nan nan nan nan nan nan nan nan nan nan nan nan nan nan nan nan nan nan nan nan 1.5108126401901245117 1.4109064340591430664 1.7894294261932373047 1.5383013486862182617 0.71621549129486083984 0.67530339956283569336 0.75603950023651123047 0.086831398308277130127 0 0 0 0.1316274106502532959 0.86783772706985473633 1.7677460908889770508 1.3583370447158813477 1.0327022075653076172 0.67335915565490722656 1.5257397890090942383 1.5558191537857055664 0.035105135291814804077 0.97148793935775756836 2.3333089351654052734 1.1910302639007568359 0.43937972187995910645 1.3356423377990722656 1.0618283748626708984
nan nan nan nan nan nan nan nan nan nan nan nan nan nan nan nan nan nan nan nan nan nan nan nan nan nan nan nan nan nan nan nan nan nan 1.7285590171813964844 0.88083058595657348633 1.1850993633270263672 0.8174692988395690918 0.50670707225799560547 1.1379549503326416016 0.2968730628490447998 0.03722494468092918396 0.0020450302399694919586 0 0 0 0.0048806448467075824738 0.22699868679046630859 1.624344944953918457 1.9093923568725585938 2.0589950084686279297 0.965862274169921875 1.1609886884689331055 0.37868303060531616211 1.1704136133193969727 1.7295184135437011719 1.8603090047836303711 1.1534810066223144531 1.6876413822174072266 1.5958703756332397461
nan nan nan nan nan nan nan nan nan nan nan nan nan nan nan nan nan nan nan nan nan nan nan nan nan nan nan nan nan nan nan nan nan nan nan 2.33521270751953125 1.9418359994888305664 0.71816605329513549805 0.53422605991363525391 1.4705302715301513672 1.4883505105972290039 0.51737773418426513672 0.065218396484851837158 0.001587192644365131855 0 0 0 0.070043176412582397461 0.76607626676559448242 1.1771690845489501953 1.3661588430404663086 1.3356182575225830078 1.3306512832641601563 1.150364995002746582 1.6442126035690307617 1.4107588529586791992 1.4524009227752685547 0.90939378738403320313 0.4346065223217010498 0.26392823457717895508
nan nan nan nan nan nan nan nan nan nan nan nan nan nan nan nan nan nan nan nan nan nan nan nan nan nan nan nan nan nan nan nan nan nan nan nan 1.9764555692672729492 1.5732491016387939453 0.95123231410980224609 0.83341497182846069336 0.38303706049919128418 1.0116249322891235352 0.61523735523223876953 0.024586133658885955811 0 0 0 0 0.099404186010360717773 0.62306678295135498047 0.18970459699630737305 0.92687493562698364258 1.5170689821243286133 1.7015230655670166016 1.7273126840591430664 0.77839380502700805664 0.078271783888339996338 0 0.015412982553243637085 0.68018907308578491211
nan nan nan nan nan nan nan nan nan nan nan nan nan nan nan nan nan nan nan nan nan nan nan nan nan nan nan nan nan nan nan nan nan nan nan nan nan 1.7703379392623901367 2.0685124397277832031 0.4167480766773223877 0.0083369417116045951843 0.072178632020950317383 1.5888684988021850586 0.073548518121242523193 0.054835107177495956421 0.012618273496627807617 0 0 0 0.11204665899276733398 0.82551497220993041992 1.120019078254699707 0.044049445539712905884 0.40163081884384155273 1.1464992761611938477 1.3801804780960083008 1.0015181303024291992 0.071825549006462097168 0.27767968177795410156 1.0445078611373901367
nan nan nan nan nan nan nan nan nan nan nan nan nan nan nan nan nan nan nan nan nan nan nan nan nan nan nan nan nan nan nan nan nan nan nan nan nan 0.48918870091438293457 1.5850069522857666016 0.93975824117660522461 0.17649058997631072998 0.86256569623947143555 0.47573304176330566406 0.018608078360557556152 0.70023721456527709961 0.3135401308536529541 0.086128287017345428467 0.024452926591038703918 0.011147611774504184723 0.30831497907638549805 1.1219344139099121094 0.087163619697093963623 0.51754754781723022461 0.83540540933609008789 1.1275506019592285156 1.7401297092437744141 1.0765526294708251953 0.83819293975830078125 1.1985801458358764648 0.89964032173156738281
nan nan nan nan nan nan nan nan nan nan nan nan nan nan nan nan nan nan nan nan nan nan nan nan nan nan nan nan nan nan nan nan nan nan nan nan nan nan nan 0.86196058988571166992 1.0559909343719482422 0.31805723905563354492 0.082767955958843231201 0.077893845736980438232 0.79693442583084106445 2.1280808448791503906 1.0480200052261352539 0.28774937987327575684 0.15386486053466796875 0.90467011928558349609 0.14212027192115783691 0.006007008720189332962 0.061726428568363189697 0.55269247293472290039 1.7152789831161499023 1.497815251350402832 0.15343691408634185791 0.037861235439777374268 0.69945603609085083008 1.0730202198028564453
nan nan nan nan nan nan nan nan nan nan nan nan nan nan nan nan nan nan nan nan nan nan nan nan nan nan nan nan nan nan nan nan nan nan nan nan nan nan nan nan 1.5174853801727294922 0.95073217153549194336 0.88419568538665771484 1.0208315849304199219 1.1058804988861083984 2.1304252147674560547 0.58149856328964233398 0.1184894368052482605 0.34944349527359008789 0.78218495845794677734 0 0.019916784018278121948 0.32606026530265808105 0.73206162452697753906 0.53113877773284912109 0.69395756721496582031 0.023720849305391311646 0.51303553581237792969 1.4007112979888916016 1.3461078405380249023
nan nan nan nan nan nan nan nan nan nan nan nan nan nan nan nan nan nan nan nan nan nan nan nan nan nan nan nan nan nan nan nan nan nan nan nan nan nan nan nan 0.086966462433338165283 nan 0.57904791831970214844 1.2463704347610473633 0.55975794792175292969 0.066166348755359649658 1.4390977621078491211 1.3541926145553588867 1.0059754848480224609 0 0 0.2539297640323638916 1.0240850448608398438 0.93536657094955444336 1.117148280143737793 0.91283327341079711914 0.2998517155647277832 0.85155338048934936523 1.0865535736083984375 0.62263524532318115234
nan nan nan nan nan nan nan nan nan nan nan nan nan nan nan nan nan nan nan nan nan nan nan nan nan nan nan nan nan nan nan nan nan nan nan nan nan nan nan nan 0.25835931301116943359 nan 0 0 0.93023842573165893555 0.49040076136589050293 0.82234120368957519531 2.0547811985015869141 1.5389239788055419922 0.016002528369426727295 0.052250567823648452759 0.26725074648857116699 0.78566759824752807617 0.051484875380992889404 0 0 0.27165648341178894043 0.59982347488403320313 1.2176827192306518555 1.7821041345596313477
nan nan nan nan nan nan nan nan nan nan nan nan nan nan nan nan nan nan nan nan nan nan nan nan nan nan nan nan nan nan nan nan nan nan nan nan nan nan nan nan nan 0.11727115511894226074 0 0 0.019140549004077911377 2.0728909969329833984 1.0892090797424316406 2.5178391933441162109 1.6924096345901489258 0.35818615555763244629 0.76275855302810668945 0.55479979515075683594 1.2417837381362915039 0.66359728574752807617 0.031674969941377639771 0.079575315117835998535 0.46105158329010009766 0.54914551973342895508 0 0.71943002939224243164
nan nan nan nan nan nan nan nan nan nan nan nan nan nan nan nan nan nan nan nan nan nan nan nan nan nan nan nan nan nan nan nan nan nan nan nan nan nan nan nan nan 0.15017835795879364014 nan 0 0.22790889441967010498 1.1560230255126953125 2.6400506496429443359 0.96179038286209106445 1.6770957708358764648 2.0275242328643798828 1.8211876153945922852 0.90769189596176147461 0.26254025101661682129 0.70338302850723266602 0.45882791280746459961 0.96841180324554443359 0.93733137845993041992 0.57113164663314819336 0 0.41045215725898742676
nan nan nan nan nan nan nan nan nan nan nan nan nan nan nan nan nan nan nan nan nan nan nan nan nan nan nan nan nan nan nan nan nan nan nan nan nan nan nan nan nan 0.63204807043075561523 0.053255375474691390991 0 0 0.034401826560497283936 1.2760649919509887695 1.9098603725433349609 1.2829910516738891602 0.31731364130973815918 1.5527265071868896484 0.57043117284774780273 0.25539472699165344238 1.0428370237350463867 1.0323486328125 0.24968712031841278076 0 0 0 0
nan nan nan nan nan nan nan nan nan nan nan nan nan nan nan nan nan nan nan nan nan nan nan nan nan nan nan nan nan nan nan nan nan nan nan nan nan nan nan nan nan 0.81762784719467163086 0.072177648544311523438 0 0 0.00016842914919834583998 0.058185592293739318848 0.93855112791061401367 1.7311822175979614258 0.52609300613403320313 1.2175158262252807617 1.2471699714660644531 0.63335758447647094727 1.5718245506286621094 0.74206620454788208008 0.080182470381259918213 0.080059982836246490479 0.050522372126579284668 0 0
nan nan nan nan nan nan nan nan nan nan nan nan nan nan nan nan nan nan nan nan nan nan nan nan nan nan nan nan nan nan nan nan nan nan nan nan nan nan nan nan nan 0.81751829385757446289 0.072167977690696716309 0 0 0 0 0.015899041667580604553 0.35393172502517700195 1.4806618690490722656 1.038287043571472168 1.4109238386154174805 0.89834535121917724609 0.90379196405410766602 1.0369639396667480469 1.1069684028625488281 0.99862146377563476563 0.63261896371841430664 0.028117446228861808777 0
nan nan nan nan nan nan nan nan nan nan nan nan nan nan nan nan nan nan nan nan nan nan nan nan nan nan nan nan nan nan nan nan nan nan nan nan nan nan nan nan nan 0.85237914323806762695 0.075245387852191925049 0 0 0 0 0 0 0.17592161893844604492 1.2528742551803588867 2.1362977027893066406 2.1081614494323730469 2.3759512901306152344 3.4824492931365966797 1.8290612697601318359 0.46811616420745849609 0.37557834386825561523 0.37819787859916687012 0
nan nan nan nan nan nan nan nan nan nan nan nan nan nan nan nan nan nan nan nan nan nan nan nan nan nan nan nan nan nan nan nan nan nan nan nan nan nan nan nan nan 1.20241546630859375 0.10614550858736038208 0 0 0.014704253524541854858 0.0090995337814092636108 0.13752532005310058594 0.073545724153518676758 0.018320396542549133301 0.20490172505378723145 1.2687150239944458008 2.5565621852874755859 2.990085601806640625 2.7151954174041748047 1.4202455282211303711 0.55587416887283325195 0.98664951324462890625 0.51477199792861938477 0.044698387384414672852
nan nan nan nan nan nan nan nan nan nan nan nan nan nan nan nan nan nan nan nan nan nan nan nan nan nan nan nan nan nan nan nan nan nan nan nan nan nan nan nan nan 0.39792311191558837891 0.035127416253089904785 0 0 0.25124719738960266113 0.2305437624454498291 1.7869940996170043945 0.99028229713439941406 0.30505841970443725586 0.58640968799591064453 1.2425321340560913086 1.1853374242782592773 2.6668021678924560547 3.1752164363861083984 1.151244044303894043 1.0866446495056152344 1.0183511972427368164 0.68695557117462158203 0.64827316999435424805
